2015-04-14,306748,28199,412082,32929,-105334,-4730,4338,5136,5504,9064,-1166,-3928,388301,87633,351573,90978,36728,-3345
2015-04-15,147798,16901,256111,23841,-108313,-6940,4041,4182,5697,9204,-1656,-5022,255820,70383,251701,78765,4119,-8382
2015-04-16,213083,21835,305050,20931,-91967,904,4222,4556,5633,9203,-1411,-4647,279197,78903,254844,62892,24353,16011
2015-04-17,226682,18025,344021,25262,-117339,-7237,4789,4674,5622,9131,-833,-4457,292344,68900,280122,70430,12222,-1530
2015-04-20,254999,16644,362291,27802,-107292,-11158,5094,4600,5729,9315,-635,-4715,304344,73527,292540,72870,11804,657
2015-04-21,266822,17053,380191,29150,-113369,-12097,5156,4561,5775,9387,-619,-4826,314714,72838,311375,83300,3339,-10462
2015-04-22,231132,19805,330236,26837,-99104,-7032,5178,4785,5524,8973,-346,-4188,346782,78795,303030,67712,43752,11083
2015-04-23,323052,36736,429598,29844,-106546,6892,5492,5319,5069,8389,423,-3070,386251,95715,323053,72564,63198,23151
2015-04-24,379546,42569,496817,34368,-117271,8201,5953,5945,4747,7790,1206,-1845,403763,99758,343127,87992,60636,11766
2015-04-27,440052,47445,542593,35530,-102541,11915,5784,5799,4646,7576,1138,-1777,428346,115507,358890,94905,69456,20602
2015-04-28,470448,45824,569987,36172,-99539,9652,5833,5790,4726,7587,1107,-1797,438567,114147,381709,101655,56858,12492
2015-04-29,333996,32299,444968,32590,-110972,-291,5674,5449,4922,7792,752,-2343,440923,126370,391981,111783,48942,14587
2015-04-30,361536,32699,487564,34073,-126028,-1374,5559,5212,5034,7990,525,-2778,444869,127858,408415,119226,36454,8632
2015-05-04,382623,36011,531384,35243,-148761,768,5592,5292,5037,8008,555,-2716,450520,126536,422963,122087,27557,4449
2015-05-05,389028,34241,539715,35622,-150687,-1381,5790,5322,5082,8062,708,-2740,450395,123362,428503,125595,21892,-2233
2015-05-06,351645,35977,477961,37975,-126316,-1998,5935,5278,4907,7734,1028,-2456,447138,126525,432180,132189,14958,-5664
2015-05-07,363611,35542,504787,43634,-141176,-8092,5709,4771,4979,7796,730,-3025,446543,111753,454656,134612,-8113,-22859
2015-05-08,385132,34468,523398,43214,-138266,-8746,5594,4356,5034,7884,560,-3528,456685,110778,465968,140382,-9283,-29604
2015-05-11,389390,40101,558487,46723,-169097,-6622,5638,4465,5065,7932,573,-3467,463391,112113,484281,150055,-20890,-37942
2015-05-12,396972,37330,577685,43474,-180713,-6144,5814,4358,5548,8865,266,-4507,467025,119558,501132,158793,-34107,-39235
2015-05-13,369905,36339,493230,42031,-123325,-5692,5839,4418,5562,8934,277,-4516,463510,125583,500046,161632,-36536,-36049
2015-05-14,355440,38732,541797,43443,-186357,-4711,5822,4291,5852,9375,-30,-5084,462550,111796,518489,164980,-55939,-53184
2015-05-15,363569,39708,558502,44541,-194933,-4833,5799,4213,5882,9404,-83,-5191,462154,105512,513283,149223,-51129,-43711
2015-05-18,366727,39215,573168,42207,-206441,-2992,5843,4373,5628,8941,215,-4568,480529,105869,534165,148851,-53636,-42982
2015-05-19,394811,37438,553109,38877,-158298,-1439,6092,4900,5185,8244,907,-3344,502255,123149,552875,155222,-50620,-32073
2015-05-20,182662,24118,306277,21333,-123615,2785,5771,4782,4740,7559,1031,-2777,332687,76293,358259,113161,-25572,-36868
2015-05-21,226439,27061,366871,24860,-140432,2201,5741,4626,4952,7858,789,-3232,339878,72287,372223,113916,-32345,-41629
2015-05-22,260830,28991,385213,23563,-124383,5428,6004,4969,5146,7917,858,-2948,349917,75906,370802,106419,-20885,-30513
2015-05-25,268515,29497,406212,24049,-137697,5448,6013,4979,5143,7914,870,-2935,355928,76992,380423,101846,-24495,-24854
2015-05-26,300517,29705,421191,25164,-120674,4541,6085,5146,4869,7408,1216,-2262,361901,75444,384917,100330,-23016,-24886
2015-05-27,254254,24270,362721,25233,-108467,-963,6085,5149,4964,7590,1121,-2441,356040,81893,381669,96187,-25629,-14294
2015-05-28,280333,27279,406883,25498,-126550,1781,6047,5148,4746,7217,1301,-2069,363342,88355,388171,95947,-24829,-7592
2015-05-29,312130,27305,455486,25995,-143356,1310,6018,5064,4807,7314,1211,-2250,370274,86051,406666,103431,-36392,-17380
2015-06-01,319305,29719,519932,28953,-200627,766,5968,4723,5008,7640,960,-2917,375426,81485,425032,110134,-49606,-28649
2015-06-02,331521,26687,516425,29791,-184904,-3104,5955,4696,5182,7960,773,-3264,380211,82831,421706,103349,-41495,-20518
2015-06-03,269914,26461,444336,27963,-174422,-1502,5983,4667,5231,8006,752,-3339,364152,64373,415954,106728,-51802,-42355
2015-06-04,307563,29040,513727,32197,-206164,-3157,5898,4220,5921,8962,-23,-4742,367438,56468,437393,111860,-69955,-55392
2015-06-05,339652,27936,545533,33217,-205881,-5281,5962,4374,5819,8770,143,-4396,380363,63724,447956,110544,-67593,-46820
2015-06-08,359789,29303,574014,31629,-214225,-2326,6009,4484,5687,8558,322,-4074,388585,64955,456080,112663,-67495,-47708
2015-06-09,382833,27261,610153,36678,-227320,-9417,6965,4344,5909,8864,1056,-4520,394152,70876,457266,111723,-63114,-40847
2015-06-10,323523,27369,494646,35948,-171123,-8579,7006,4428,4922,8188,2084,-3760,397809,74385,465189,115981,-67380,-41596
2015-06-11,333331,27157,526031,33059,-192700,-5902,6945,4293,4944,8230,2001,-3937,401511,74074,477904,117232,-76393,-43158
2015-06-12,357154,30511,550268,37050,-193114,-6539,7013,4395,4991,8274,2022,-3879,409976,80979,482274,119171,-72298,-38192
2015-06-15,363026,26938,555020,35033,-191994,-8095,7021,4379,5029,8245,1992,-3866,411368,77250,483363,111819,-71995,-34569
2015-06-16,363377,27080,579812,36642,-216435,-9562,7059,4403,5461,8760,1598,-4357,411342,78188,492227,111294,-80885,-33106
2015-06-17,141133,19372,269496,22932,-128363,-3560,5803,4539,5071,8277,732,-3738,181714,42068,208272,66854,-26558,-24786
2015-06-18,183193,21348,317360,23596,-134167,-2248,5837,4612,5109,8701,728,-4089,194273,45289,223365,67184,-29092,-21895
2015-06-22,215867,22846,326916,23944,-111049,-1098,6073,4937,5058,8259,1015,-3322,209536,53471,230450,68186,-20914,-14715
2015-06-23,229601,24433,340459,24210,-110858,223,6042,5155,5556,8400,486,-3245,219996,54328,240706,70462,-20710,-16134
2015-06-24,175950,21592,298369,24202,-122419,-2610,6099,5129,5468,8122,631,-2993,215608,57396,236157,62124,-20549,-4728
2015-06-25,229429,21946,328256,26323,-98827,-4377,6250,5369,5501,7840,749,-2471,232054,64738,243440,65005,-11386,-267
2015-06-26,247119,23608,365053,26051,-117934,-2443,6851,6379,5370,7565,1481,-1186,233344,61523,251761,68608,-18417,-7085
2015-06-29,250159,23557,384180,29624,-134021,-6067,7215,6632,5906,7885,1309,-1253,236410,57072,259135,66386,-22725,-9314
2015-06-30,258678,22368,385570,29938,-126892,-7570,7368,6992,5452,7861,1916,-869,243474,63178,259410,62496,-15936,682
2015-07-01,221107,22401,327211,26748,-106104,-4347,7306,7260,5676,7756,1630,-496,240537,67179,258771,59624,-18234,7555
2015-07-02,252799,24719,377361,26145,-124562,-1426,7637,7580,5645,7671,1992,-91,243420,63841,271611,61893,-28191,1948
2015-07-03,275586,25321,404593,27467,-129007,-2146,7688,7629,5645,7683,2043,-54,250094,65966,279372,61744,-29278,4222
2015-07-06,292103,24789,438030,30127,-145927,-5338,7085,7334,5878,7834,1207,-500,250369,64420,285143,64187,-34774,233
2015-07-07,301316,23018,434699,33708,-133383,-10690,7001,7227,5790,7713,1211,-486,258638,69592,289093,63325,-30455,6267
2015-07-08,237420,22991,433903,33370,-196483,-10379,6949,6736,6451,8431,498,-1695,263101,59957,315637,77311,-52536,-17354
2015-07-09,283683,24677,489982,33637,-206299,-8960,7102,6744,6869,8922,233,-2178,281490,57607,326519,75858,-45029,-18251
2015-07-13,295105,33825,489678,32195,-194573,1630,7209,7045,6381,8469,828,-1424,292674,66375,337511,77631,-44837,-11256
2015-07-14,309465,29383,495356,28932,-185891,451,7324,7246,6284,8260,1040,-1014,307453,75649,347374,79908,-39921,-4259
2015-07-15,138036,15999,232264,18888,-94228,-2889,7361,7684,6040,8215,1321,-531,211685,54087,217958,57539,-6273,-3452
2015-07-16,173034,17850,271851,20727,-98817,-2877,7554,7889,5789,7444,1765,445,216513,50603,225780,60083,-9267,-9480
2015-07-17,199907,19151,300119,21415,-100212,-2264,7490,7792,5774,7423,1716,369,222299,53393,232645,57713,-10346,-4320
2015-07-20,216510,17203,327964,21873,-111454,-4670,5060,6930,4698,7104,362,-174,226231,51435,236075,60781,-9844,-9346
2015-07-21,231574,18175,341814,21953,-110240,-3778,5073,7020,4782,7323,291,-303,229168,52676,231449,53991,-2281,-1315
2015-07-22,173207,14433,307393,24070,-134186,-9637,5149,7037,4750,7163,399,-126,221099,45244,241503,62582,-20404,-17338
2015-07-23,222811,20494,398488,28924,-175677,-8430,7901,7909,6264,8067,1637,-158,228158,41679,263040,65915,-34882,-24236
2015-07-24,240506,20547,422737,29190,-182231,-8643,7982,7792,6443,8314,1539,-522,234144,41873,272478,65115,-38334,-23242
2015-07-27,273702,22049,491680,33520,-217978,-11471,7973,7368,6876,8664,1097,-1296,244081,44881,285918,61778,-41837,-16897
2015-07-28,297594,23159,523163,35607,-225569,-12448,8188,7455,6325,7916,1863,-461,250388,43557,301824,65606,-51436,-22049
2015-07-29,240459,23508,427234,33434,-186775,-9926,8444,7663,6322,7875,2122,-212,251339,43486,302832,68159,-51493,-24673
2015-07-30,272009,23656,417917,32163,-145908,-8507,8549,7617,6106,7602,2443,15,264447,48483,303913,63546,-39466,-15063
2015-07-31,280571,23600,437676,29547,-157105,-5947,9183,7702,5926,7287,3257,415,259844,45750,310086,68829,-50242,-23079
2015-08-03,295009,21538,449894,30223,-154885,-8685,9289,7469,5938,7224,3351,245,269343,51515,315383,68291,-46040,-16776
2015-08-04,316047,19479,465507,34929,-149460,-15450,9313,7398,6037,7244,3276,154,277098,51857,313332,64129,-36234,-12272
2015-08-05,272041,21626,429009,33509,-156968,-11883,9630,7518,5923,7058,3707,460,273365,49568,315774,62489,-42409,-12921
2015-08-06,312814,20911,480625,35118,-167811,-14207,9809,7418,5986,7060,3823,358,281893,49666,331224,70385,-49331,-20719
2015-08-07,341781,21771,513581,36481,-171800,-14710,9945,7730,6170,7378,3775,352,286622,52908,327636,64369,-41014,-11461
2015-08-10,353231,25615,530682,36243,-177451,-10628,9987,7924,6147,7400,3840,524,289215,52355,331536,65810,-42321,-13455
2015-08-11,379432,23992,544192,39563,-164760,-15571,9961,7834,5672,6623,4289,1211,304207,57354,344933,66490,-40726,-9136
2015-08-12,328485,23420,491825,42621,-163340,-19201,10016,7772,5698,6597,4318,1175,306702,54352,337245,57525,-30543,-3173
2015-08-13,354089,26161,545549,40626,-191460,-14465,10020,7822,5504,6468,4516,1354,313532,48020,340649,58833,-27117,-10813
2015-08-14,380430,25910,566189,43941,-185759,-18031,10080,7938,5505,6455,4575,1483,319981,46100,341573,51214,-21592,-5114
2015-08-17,373483,25132,581062,42376,-207579,-17244,10054,7809,5474,6344,4580,1465,324422,48606,347547,58526,-23125,-9920
2015-08-18,372466,24676,596142,41104,-223676,-16428,10015,7601,5579,6439,4436,1162,340424,56683,356332,62103,-15908,-5420
2015-08-19,187465,15722,286191,27982,-98726,-12260,9306,7371,5512,6706,3794,665,226154,42286,226284,46510,-130,-4224
2015-08-20,249311,16895,338769,29255,-89458,-12360,9377,7420,5627,6807,3750,613,247361,50332,244551,47075,2810,3257
2015-08-21,293857,17172,395348,34966,-101491,-17794,9371,7199,6171,7160,3200,39,262394,56141,270509,46760,-8115,9381
2015-08-24,387659,25354,465396,45520,-77737,-20166,9821,7209,6810,7561,3011,-352,286330,73618,275375,40144,10955,33474
2015-08-25,407856,25616,489817,45068,-81961,-19452,9864,7420,6335,7055,3529,365,309172,77773,290756,40753,18416,37020
2015-08-26,332448,21285,361304,41053,-28856,-19768,9498,7139,6120,6918,3378,221,300578,76045,286048,41617,14530,34428
2015-08-27,361395,24242,385764,41824,-24369,-17582,9488,7366,5817,6926,3671,440,303162,75855,300746,43446,2416,32409
2015-08-28,415313,25608,399835,45488,15478,-19880,9554,7602,5894,7183,3660,419,313590,80816,312558,40851,1032,39965
2015-08-31,455235,31050,429708,47077,25527,-16027,9724,8120,6058,7529,3666,591,310949,75606,322683,44993,-11734,30613
2015-09-01,476268,31302,447645,47393,28623,-16091,9775,8106,7150,8094,2625,12,307598,70807,331714,43187,-24116,27620
2015-09-02,399217,30023,387323,46527,11894,-16504,9686,8179,7852,8898,1834,-719,304172,73220,316382,36438,-12210,36782
2015-09-03,419598,32669,414974,44446,4624,-11777,9749,8246,7961,9106,1788,-860,307394,72342,330405,41590,-23011,30752
2015-09-04,462558,32133,433335,48319,29223,-16186,9702,8002,8346,9525,1356,-1523,315097,73231,343319,38283,-28222,34948
2015-09-07,491287,33914,465108,49539,26179,-15625,9637,7889,8581,9953,1056,-2064,319335,73292,344525,36981,-25190,36311
2015-09-08,510103,36403,487654,50208,22449,-13805,9602,7893,8475,9864,1127,-1971,323303,76143,353670,39154,-30367,36989
2015-09-09,427849,39877,413660,51266,14189,-11389,9411,8145,7524,9538,1887,-1393,315371,80484,352524,40533,-37153,39951
2015-09-10,425088,38748,442544,45994,-17456,-7246,9433,8085,7559,9418,1874,-1333,314838,71623,382541,50324,-67703,21299
2015-09-11,449618,38668,452206,44264,-2588,-5596,9559,8200,7684,9406,1875,-1206,314592,69918,390053,49478,-75461,20440
2015-09-14,471793,39691,480163,40494,-8370,-803,9301,7994,7812,9424,1489,-1430,330769,83987,408639,67024,-77870,16963
2015-09-15,482399,36696,473574,41960,8825,-5264,9389,7799,8226,9753,1163,-1954,337106,85167,410993,70420,-73887,14747
2015-09-16,193832,16210,171603,23984,22229,-7774,9023,7845,7135,9633,1888,-1788,177188,60864,142884,32308,34304,28556
2015-09-17,243957,17273,216315,27730,27642,-10457,9324,8343,7228,9996,2096,-1653,196056,65270,153024,30460,43032,34810
2015-09-18,251976,19162,238001,26931,13975,-7769,9478,8406,7712,10445,1766,-2039,194023,61426,164650,32034,29373,29392
2015-09-21,286455,18752,275109,27846,11346,-9094,9433,8107,8058,10758,1375,-2651,199849,60135,179267,34830,20582,25305
2015-09-22,308795,20218,285447,27945,23348,-7727,9665,8554,8206,11066,1459,-2512,207656,63093,183657,30870,23999,32223
2015-09-23,262113,17375,243231,29115,18882,-11740,9487,8193,8668,11640,819,-3447,205979,61737,176386,33195,29593,28542
2015-09-24,303730,18109,289257,29464,14473,-11355,9368,7900,9040,12148,328,-4248,215980,62298,193571,31271,22409,31027
2015-09-25,330936,19665,313718,29745,17218,-10080,9316,7749,9646,13114,-330,-5365,219697,62788,205139,28797,14558,33991
2015-09-30,285973,19742,281892,29771,4081,-10029,9231,7753,9730,13338,-499,-5585,221889,67449,202080,29920,19809,37529
2015-10-01,324371,24235,312783,32145,11588,-7910,9323,8006,9403,13131,-80,-5125,230957,69097,215187,29563,15770,39534
2015-10-02,331885,22969,319044,32451,12841,-9482,9253,7788,9503,13219,-250,-5431,229284,63570,224132,29604,5152,33966
2015-10-05,349002,26085,323770,31896,25232,-5811,9231,7750,9551,13305,-320,-5555,232360,61589,233796,29851,-1436,31738
2015-10-06,391224,25971,335003,31756,56221,-5785,9257,7802,9609,13526,-352,-5724,237887,63056,246888,29542,-9001,33514
2015-10-07,329431,27114,292488,31940,36943,-4826,9301,8182,9727,13840,-426,-5658,238281,71100,236880,28380,1401,42720
2015-10-08,350577,24706,318715,31989,31862,-7283,9527,8288,10039,14229,-512,-5941,240154,67678,252898,27919,-12744,39759
2015-10-12,398232,29622,336579,35662,61653,-6040,9525,8253,10311,14847,-786,-6594,251958,72849,262586,28570,-10628,44279
2015-10-13,403801,29142,355975,35690,47826,-6548,9671,8402,10522,15084,-851,-6682,246767,69389,265400,28413,-18633,40976
2015-10-14,355659,25455,308414,34088,47245,-8633,9458,8295,10583,15252,-1125,-6957,238404,69298,252679,29168,-14275,40130
2015-10-15,387789,25472,321316,35734,66473,-10262,9554,8432,10570,15314,-1016,-6882,254731,74950,264641,32547,-9910,42403
2015-10-16,394198,26586,340454,34474,53744,-7888,9545,8297,10654,15313,-1109,-7016,257086,71258,269302,34688,-12216,36570
2015-10-19,419392,29405,377253,33208,42139,-3803,9640,8385,10800,15548,-1160,-7163,264063,78776,274778,41935,-10715,36841
2015-10-20,428978,27607,365363,32580,63615,-4973,8967,8129,11098,16082,-2131,-7953,274404,84922,279038,46921,-4634,38001
2015-10-21,140299,11661,160755,22389,-20456,-10728,8515,8029,10769,16505,-2254,-8476,190982,65028,145717,30950,45265,34078
2015-10-22,173533,12437,187812,24555,-14279,-12118,8651,8101,11014,16769,-2363,-8668,200374,70508,147501,26603,52873,43905
2015-10-23,198131,14980,213567,25153,-15436,-10173,7350,5786,11040,16954,-3690,-11168,201765,68957,155576,28395,46189,40562
2015-10-26,214204,16450,229030,24386,-14826,-7936,7452,5889,10945,16840,-3493,-10951,210906,72030,163777,29252,47129,42778
2015-10-27,232765,18128,261347,25724,-28582,-7596,7501,5869,11092,16988,-3591,-11119,215723,70083,175296,32542,40427,37541
2015-10-28,185291,17170,227776,25981,-42485,-8811,7155,5613,11028,16919,-3873,-11306,214636,65274,169912,33410,44724,31864
2015-10-29,217238,19236,263428,27090,-46190,-7854,7179,5608,11221,17074,-4042,-11466,226971,68005,189448,35749,37523,32256
2015-10-30,224502,17036,273982,26169,-49480,-9133,7175,5517,11353,17320,-4178,-11803,236331,72870,201540,35110,34791,37760
2015-11-02,246789,18849,295976,26421,-49187,-7572,7246,5551,11746,17512,-4500,-11961,239704,74371,202887,34952,36817,39419
2015-11-03,281622,19847,305358,28227,-23736,-8380,7330,5745,11616,17516,-4286,-11771,245501,79209,209164,31897,36337,47312
2015-11-04,235796,23578,266012,27689,-30216,-4111,7279,5853,11230,17751,-3951,-11898,239804,80627,211262,37041,28542,43586
2015-11-05,258300,22489,305778,26910,-47478,-4421,7352,5883,11366,17915,-4014,-12032,239844,76171,221025,38110,18819,38061
2015-11-06,314715,25315,376514,31202,-61799,-5887,7175,5475,11801,18227,-4626,-12752,248323,70700,233093,44017,15230,26683
2015-11-09,325002,26948,402914,32189,-77912,-5241,7090,5243,12025,18451,-4935,-13208,251775,69548,234310,42231,17465,27317
2015-11-10,350073,30471,454170,35939,-104097,-5468,6951,4929,12409,18813,-5458,-13884,258266,65510,237098,41436,21168,24074
2015-11-11,267000,31171,359398,35449,-92398,-4278,6771,4766,12660,18984,-5889,-14218,258695,65234,244024,44694,14671,20540
2015-11-12,269006,32511,382354,32231,-113348,280,6833,4720,12830,19376,-5997,-14656,264508,67521,247923,41055,16585,26466
2015-11-13,275027,30412,398341,35781,-123314,-5369,6735,4612,12906,19134,-6171,-14522,270236,68355,262565,45940,7671,22415
2015-11-16,266982,33517,420619,37446,-153637,-3929,6797,4600,13190,18997,-6393,-14397,277095,71023,258911,42251,18184,28772
2015-11-17,290615,32303,408868,34162,-118253,-1859,6895,4727,12926,18696,-6031,-13969,281746,80522,265892,49407,15854,31115
2015-11-18,137095,11959,173865,19148,-36770,-7189,6585,4616,12573,18543,-5988,-13927,208195,59439,177555,32606,30640,26833
2015-11-19,176434,15673,207196,18841,-30762,-3168,6960,5110,12278,18385,-5318,-13275,214553,62542,182776,28558,31777,33984
2015-11-20,197106,16539,233540,19933,-36434,-3394,6973,5171,12287,18327,-5314,-13156,219238,60568,189094,30818,30144,29750
2015-11-23,227518,19316,263348,20852,-35830,-1536,7061,5242,12277,18352,-5216,-13110,225915,63541,195345,33146,30570,30395
2015-11-24,258292,18720,284888,25573,-26596,-6853,7087,5147,12472,18529,-5385,-13382,235142,63950,200303,32543,34839,31407
2015-11-25,203550,16479,230167,22822,-26617,-6343,6810,4982,12527,18651,-5717,-13669,233129,63813,200070,30210,33059,33603
2015-11-26,234387,18842,259247,24194,-24860,-5352,6879,4989,11962,18228,-5083,-13239,243225,67652,206761,25476,36464,42176
2015-11-27,251885,17003,298632,25816,-46747,-8813,7177,5368,12328,18439,-5151,-13071,241903,63125,222198,30541,19705,32584
2015-11-30,276279,23940,349938,28589,-73659,-4649,7258,5231,12477,18610,-5219,-13379,253909,61031,227493,36747,26416,24284
2015-12-01,305798,24274,358500,29116,-52702,-4842,7332,5265,12197,18374,-4865,-13109,258804,69468,224859,29753,33945,39715
2015-12-02,232747,22540,288079,27313,-55332,-4773,7157,5227,12178,18231,-5021,-13004,259183,69382,218684,31430,40499,37952
2015-12-03,267977,23669,325261,27756,-57284,-4087,7360,5326,12272,18218,-4912,-12892,265245,72685,226368,33124,38877,39561
2015-12-04,274595,23544,354756,28042,-80161,-4498,7394,5186,12493,18219,-5099,-13033,266546,69169,241290,34438,25256,34731
2015-12-07,287977,23430,342202,28688,-54225,-5258,7601,5331,12380,18030,-4779,-12699,273197,71090,247768,36002,25429,35088
2015-12-08,292244,24122,371647,30586,-79403,-6464,7732,5238,12994,18417,-5262,-13179,273789,65067,270033,45076,3756,19991
2015-12-09,247232,23594,333200,30054,-85968,-6460,7607,5099,13218,18591,-5611,-13492,267324,61508,268660,45123,-1336,16385
2015-12-10,265497,25244,372426,29048,-106929,-3804,8026,5618,13206,18543,-5180,-12925,276604,66514,278171,49174,-1567,17340
2015-12-11,273675,26040,380412,32156,-106737,-6116,7914,5323,13422,18515,-5508,-13192,289409,72896,293641,49864,-4232,23032
2015-12-14,293799,23655,400008,33044,-106209,-9389,7934,5277,13344,18097,-5410,-12820,297365,74750,288933,41935,8432,32815
2015-12-15,301757,24785,408056,32497,-106299,-7712,8021,5426,13095,17516,-5074,-12090,303465,81598,295574,53009,7891,28589
2015-12-16,126091,15640,150092,20990,-24001,-5350,7782,5517,12681,17336,-4899,-11819,152979,60967,116175,28495,36804,32472
2015-12-17,162830,18751,192909,21798,-30079,-3047,8443,6332,12821,17362,-4378,-11030,160396,61039,120745,26925,39651,34114
2015-12-18,187883,19682,232269,23878,-44386,-4196,8462,6411,13005,17275,-4543,-10864,173377,58834,130880,28393,42497,30441
2015-12-21,208527,21028,253428,23458,-44901,-2430,8602,6412,13002,17516,-4400,-11104,178922,62814,135384,29284,43538,33530
2015-12-22,229271,22907,276067,24585,-46796,-1678,8583,6400,12936,17350,-4353,-10950,179970,61129,138681,29641,41289,31488
2015-12-23,178821,20760,207828,25124,-29007,-4364,8377,6389,12651,17091,-4274,-10702,184892,65028,132029,27460,52863,37568
2015-12-24,209616,20419,233130,27400,-23514,-6981,8448,6415,12729,17182,-4281,-10767,193571,67032,138182,26044,55389,40988
2015-12-25,222736,21107,244706,27276,-21970,-6169,8556,6475,12593,17045,-4037,-10570,196881,68873,137807,23570,59074,45303
2015-12-28,230643,19835,256605,28631,-25962,-8796,8584,6519,12693,17003,-4109,-10484,196814,66981,141037,23379,55777,43602
2015-12-29,238753,21667,278849,30021,-40096,-8354,8544,6392,12824,17131,-4280,-10739,195587,61441,147022,28437,48565,33004
2015-12-30,197469,20831,238883,29478,-41414,-8647,8296,6265,12860,17302,-4564,-11037,195686,58402,148137,31391,47549,27011
2015-12-31,238476,19575,260881,30347,-22405,-10772,8120,5859,12754,17212,-4634,-11353,206567,63361,156478,28636,50089,34725
2016-01-04,256038,23807,288033,32579,-31995,-8772,8183,5745,13266,17503,-5083,-11758,209657,66716,175376,37031,34281,29685
2016-01-05,286583,22472,322266,35633,-35683,-13161,7958,5308,13559,17741,-5601,-12433,212347,68020,176812,30235,35535,37785
2016-01-06,248206,22760,281986,33381,-33780,-10621,7525,5028,13799,18172,-6274,-13144,216022,66713,173622,33647,42400,33066
2016-01-07,283917,23995,319404,33386,-35487,-9391,7888,5421,14015,18134,-6127,-12713,223989,64650,195804,36048,28185,28602
2016-01-08,308073,25939,342216,33606,-34143,-7667,8032,5774,13435,17342,-5403,-11568,248267,65603,221799,38935,26468,26668
2016-01-11,322461,25306,356196,34279,-33735,-8973,8103,5750,13381,16969,-5278,-11219,240376,69813,209910,39512,30466,30301
2016-01-12,365012,25754,380545,37116,-15533,-11362,7995,5603,13582,16802,-5587,-11199,257112,73129,215274,40757,41838,32372
2016-01-13,327235,26900,325960,36581,1275,-9681,7974,5747,13431,16623,-5457,-10876,267845,76465,209871,39306,57974,37159
2016-01-14,390987,25927,398098,40619,-7111,-14692,8061,5666,13790,16968,-5729,-11302,286121,79072,218406,41801,67715,37271
2016-01-15,402172,27967,412203,37956,-10031,-9989,8107,5709,13816,16769,-5709,-11060,304987,78996,233691,42986,71296,36010
2016-01-18,395782,30414,424865,35699,-29083,-5285,8282,5896,13607,16691,-5325,-10795,308931,86955,241093,46619,67838,40336
2016-01-19,391573,34713,444439,34632,-52866,81,8599,6312,13734,16549,-5135,-10237,305770,85300,260402,58299,45368,27001
2016-01-20,178867,17176,173438,22338,5429,-5162,8503,6227,13762,16321,-5259,-10094,177606,61635,150641,37876,26965,23759
2016-01-21,247886,18419,223695,23993,24191,-5574,8519,6169,13815,16430,-5296,-10261,194163,67440,166873,33311,27290,34129
2016-01-22,271594,20176,263420,24719,8174,-4543,8581,6260,13521,16366,-4940,-10106,206316,72407,179048,35327,27268,37080
2016-01-25,296323,21501,274540,24469,21783,-2968,8504,6223,13060,15751,-4556,-9528,225426,74298,189777,36582,35649,37716
2016-01-26,292707,23096,297571,24743,-4864,-1647,8614,6258,13427,16130,-4813,-9872,227087,71893,197398,35112,29689,36781
2016-01-27,243160,22372,220193,26821,22967,-4449,8568,6239,13245,16066,-4677,-9827,219006,76871,184751,34828,34255,42043
2016-01-28,256001,22758,261078,25860,-5077,-3102,8604,6252,13092,15812,-4488,-9560,228299,82142,194702,33560,33597,48582
2016-01-29,289580,24304,285006,26760,4574,-2456,8957,6736,12906,15866,-3949,-9130,247463,87996,211355,36626,36108,51370
2016-01-30,325658,25061,305517,31238,20141,-6177,8744,6785,12497,15404,-3753,-8619,248486,88389,211033,37793,37453,50596
2016-02-01,342510,27225,337579,28612,4931,-1387,8659,6672,12526,15327,-3867,-8655,239243,79216,218259,40246,20984,38970
2016-02-02,360910,26223,343789,28855,17121,-2632,8599,6548,14771,15266,-6172,-8718,241701,78146,225472,38818,16229,39328
2016-02-03,266222,21922,272194,24963,-5972,-3041,8150,5987,16454,15512,-8304,-9525,242715,78806,229754,39686,12961,39120
2016-02-15,251784,23006,268076,25312,-16292,-2306,7988,5715,16758,16083,-8770,-10368,252319,89966,233363,44587,18956,45379
2016-02-16,306802,28271,294842,31567,11960,-3296,8410,6059,17050,16784,-8640,-10725,266190,97623,238883,46378,27307,51245
2016-02-17,160432,14487,149695,21649,10737,-7162,8087,6278,13734,17633,-5647,-11355,178507,77844,110321,25343,68186,52501
2016-02-18,206965,16960,195173,23268,11792,-6308,8205,6550,14238,18423,-6033,-11873,183297,78014,120902,25964,62395,52050
2016-02-19,236342,17711,229323,24779,7019,-7068,8280,6397,14498,18877,-6218,-12480,200797,82432,139248,24730,61549,57702
2016-02-22,243477,19875,255951,23018,-12474,-3143,8138,6457,14653,19326,-6515,-12869,200913,75793,146341,26302,54572,49491
2016-02-23,268264,22469,261692,24172,6572,-1703,8359,6546,15614,19687,-7255,-13141,208466,81361,154597,26765,53869,54596
2016-02-24,220500,19190,199894,26502,20606,-7312,8426,6724,16941,20911,-8515,-14187,209951,81803,165937,25707,44014,56096
2016-02-25,274735,19443,223633,29698,51102,-10255,8754,6702,16520,21245,-7766,-14543,222571,91611,176328,24417,46243,67194
2016-02-26,283215,20393,246436,28245,36779,-7852,8597,6614,17116,21700,-8519,-15086,227614,87519,192932,26729,34682,60790
2016-03-01,317393,23447,255580,28643,61813,-5196,8991,6672,17241,22099,-8250,-15427,242666,92043,199259,26559,43407,65484
2016-03-02,256478,23196,221292,27398,35186,-4202,9041,6888,17655,22785,-8614,-15897,230488,88447,191967,30300,38521,58147
2016-03-03,292575,26769,251646,28701,40929,-1932,9098,6710,18214,23924,-9116,-17214,237845,92773,195118,29302,42727,63471
2016-03-04,306114,28726,269852,30166,36262,-1440,9151,6859,18318,24832,-9167,-17973,244096,93838,209459,29746,34637,64092
2016-03-07,321442,29014,289556,30117,31886,-1103,9000,6627,18891,25821,-9891,-19194,248071,97756,219601,33675,28470,64081
2016-03-08,333527,30123,300062,29606,33465,517,8801,6478,19971,27779,-11170,-21301,258110,104167,233083,34348,25027,69819
2016-03-09,280535,26595,264030,26497,16505,98,8715,6322,20759,29140,-12044,-22818,255172,105748,230285,33357,24887,72391
2016-03-10,311817,27315,277853,30131,33964,-2816,8685,6258,20823,29326,-12138,-23068,258146,103230,247516,30059,10630,73171
2016-03-11,336489,30722,305234,29900,31255,822,8778,6334,21459,30719,-12681,-24385,265662,104703,259555,29235,6107,75468
2016-03-14,349037,31324,317264,30602,31773,722,9192,6485,21773,30582,-12581,-24097,271001,105015,266699,39450,4302,65565
2016-03-15,373011,32108,348842,33922,24169,-1814,9332,6552,23549,32466,-14217,-25914,283598,107716,276819,43320,6779,64396
2016-03-16,163641,17206,150285,26979,13356,-9773,9003,5875,23878,33554,-14875,-27679,146789,98149,99005,22715,47784,75434
2016-03-17,190026,19413,189201,26745,825,-7332,9094,5757,25263,36044,-16169,-30287,155762,99198,113869,25057,41893,74141
2016-03-18,211979,21899,219128,27945,-7149,-6046,9162,5680,25363,36586,-16201,-30906,163301,100728,123747,25790,39554,74938
2016-03-21,219932,23836,238404,27064,-18472,-3228,9180,5499,25756,37093,-16576,-31594,163219,101270,132956,29167,30263,72103
2016-03-22,247329,25069,262690,30138,-15361,-5069,9420,5502,26382,38184,-16962,-32682,169292,109522,136293,27786,32999,81736
2016-03-23,199027,20845,207170,29496,-8143,-8651,9488,5290,26919,38958,-17431,-33668,168536,108587,131254,26401,37282,82186
2016-03-24,227868,23375,258589,30586,-30721,-7211,9629,5198,27087,39280,-17458,-34082,173440,108577,140444,23926,32996,84651
2016-03-25,251314,24110,292099,30697,-40785,-6587,8862,5207,27017,39880,-18155,-34673,174434,107192,143443,24670,30991,82522
2016-03-28,283568,23648,313373,31494,-29805,-7846,8924,5143,27336,40356,-18412,-35213,175797,106489,149178,25320,26619,81169
2016-03-29,286656,23882,330317,35441,-43661,-11559,9180,5300,27936,41082,-18756,-35782,181814,107595,163842,30088,17972,77507
2016-03-30,253241,24232,245182,33344,8059,-9112,9317,5501,27906,41916,-18589,-36415,194160,123573,153495,25249,40665,98324
2016-03-31,276891,23965,285811,34010,-8920,-10045,9028,4958,29238,43752,-20210,-38794,194345,114850,170242,26695,24103,88155
2016-04-01,272720,25029,301728,33580,-29008,-8551,9004,4828,29536,43874,-20532,-39046,192089,111687,182453,28780,9636,82907
2016-04-06,240121,23603,287114,33612,-46993,-10009,8800,4409,30109,44086,-21309,-39677,195632,105151,194273,37806,1359,67345
2016-04-07,266392,23579,316977,34808,-50585,-11229,8814,4414,29284,42663,-20470,-38249,206093,109841,205748,35168,345,74673
2016-04-08,295350,25635,341736,34128,-46386,-8493,8903,4586,28920,42671,-20017,-38085,214854,114089,213721,32710,1133,81379
2016-04-11,328250,26224,345989,35281,-17739,-9057,8934,4497,28700,42565,-19766,-38068,222139,119394,214942,32819,7197,86575
2016-04-12,347031,27248,358172,35282,-11141,-8034,8881,4395,29039,42982,-20158,-38587,231472,120443,217635,33103,13837,87340
2016-04-13,286045,32737,296580,35429,-10535,-2692,8766,4266,29512,44567,-20746,-40301,240597,128452,216319,33770,24278,94682
2016-04-14,312503,38404,338186,37302,-25683,1102,8736,4222,29900,45212,-21164,-40990,240691,124970,232014,38367,8677,86603
2016-04-15,335129,41085,340805,40153,-5676,932,8808,4365,30071,45932,-21263,-41567,248371,130331,241436,37724,6935,92607
2016-04-18,345046,37375,359523,34618,-14477,2757,9076,4767,30281,45690,-21205,-40923,253827,124325,254455,44863,-628,79462
2016-04-19,348870,37357,373601,35063,-24731,2294,10072,4779,32095,46480,-22023,-41701,259404,130182,265407,54700,-6003,75482
2016-04-20,166611,17004,173055,25405,-6444,-8401,9147,4531,32103,46826,-22956,-42295,182016,108485,112604,36047,69412,72438
2016-04-21,208008,19840,205028,29051,2980,-9211,9252,4716,31929,47110,-22677,-42394,195070,121331,117855,30875,77215,90456
2016-04-22,218608,21154,236002,30260,-17394,-9106,10009,5111,31711,46804,-21702,-41693,201913,122255,122504,30015,79409,92240
2016-04-25,261777,23206,253049,33802,8728,-10596,10125,5258,31585,46754,-21460,-41496,209556,124906,127043,26840,82513,98066
2016-04-26,292113,24294,274984,37892,17129,-13598,10330,5251,31398,46464,-21068,-41213,214982,127042,132590,25345,82392,101697
2016-04-27,220985,22358,221608,32880,-623,-10522,10301,5193,31585,46651,-21284,-41458,217351,125815,128905,25722,88446,100093
2016-04-28,223649,21523,265415,29080,-41766,-7557,10222,4979,32313,46961,-22091,-41982,212955,119422,162866,49228,50089,70194
2016-04-29,237766,24135,306748,28844,-68982,-4709,10075,4520,32745,46986,-22670,-42466,221855,121513,178637,54999,43218,66514
2016-05-03,237756,25993,344100,29277,-106344,-3284,10091,4531,33029,47234,-22938,-42703,223478,115007,192536,54080,30942,60927
2016-05-04,226781,27182,293560,29353,-66779,-2171,10087,4488,33377,47257,-23290,-42769,227047,109625,190516,53535,36531,56090
2016-05-05,250105,30001,336619,28763,-86514,1238,10619,5287,32761,45924,-22142,-40637,225285,103367,200281,59292,25004,44075
2016-05-06,272428,28375,355008,29827,-82580,-1452,10945,5760,32389,44875,-21444,-39115,230411,103011,203856,55649,26555,47362
2016-05-09,274957,28985,369448,29852,-94491,-867,11358,6085,32260,44131,-20902,-38046,233325,103025,206840,53165,26485,49860
2016-05-10,291442,29754,380000,30821,-88558,-1067,11454,6275,31573,43036,-20119,-36761,238372,99887,210654,51638,27718,48249
2016-05-11,230856,31306,330304,28695,-99448,2611,11696,6648,30398,40922,-18702,-34274,240858,96690,218959,56431,21899,40259
2016-05-12,261139,27080,338940,30553,-77801,-3473,11716,6649,29691,39588,-17975,-32939,257918,99327,230038,56266,27880,43061
2016-05-13,281548,25435,362642,30331,-81094,-4896,11865,6840,29528,39052,-17663,-32212,269391,108820,243002,59625,26389,49195
2016-05-16,307690,25035,370287,30933,-62597,-5898,12117,7018,28569,37422,-16452,-30404,279597,114067,242031,59716,37566,54351
2016-05-17,319002,27265,384163,30867,-65161,-3602,12206,7130,27692,36209,-15486,-29079,287343,118792,252172,68164,35171,50628
2016-05-18,162916,15438,156109,18486,6807,-3048,11622,7050,26725,35342,-15103,-28292,210523,95252,135228,41611,75295,53641
2016-05-19,209669,17445,208505,19798,1164,-2353,11758,7188,27070,35315,-15312,-28127,221789,96843,164305,48710,57484,48133
2016-05-20,266136,20718,240810,23562,25326,-2844,11766,7264,26808,35413,-15042,-28149,240725,105159,163862,41982,76863,63177
2016-05-23,291662,25288,263004,24045,28658,1243,11928,7744,25128,34036,-13200,-26292,262489,108051,168805,41215,93684,66836
2016-05-24,301538,22674,282638,23227,18900,-553,12046,7913,25124,33635,-13078,-25722,248778,95725,174087,42237,74691,53488
2016-05-25,227452,23108,212544,23476,14908,-368,12086,8106,24635,33266,-12549,-25160,241618,100729,164266,37747,77352,62982
2016-05-26,248283,23376,233094,25293,15189,-1917,12471,8414,24869,33296,-12398,-24882,239754,99853,172272,35101,67482,64752
2016-05-27,279385,25424,249721,28458,29664,-3034,12643,8660,24731,33311,-12088,-24651,253111,108930,181756,36479,71355,72451
2016-05-30,303473,28997,272442,29018,31031,-21,12682,8719,24686,33322,-12004,-24603,260505,110699,191471,39839,69034,70860
2016-05-31,316171,29346,291905,30127,24266,-781,12675,8641,25382,34441,-12707,-25800,264614,112200,193858,40664,70756,71536
2016-06-01,271730,31383,256022,32184,15708,-801,12618,8262,26395,36185,-13777,-27923,271686,121138,184464,35585,87222,85553
2016-06-02,297864,31618,290152,34340,7712,-2722,12710,8364,27701,38301,-14991,-29937,279023,120919,197636,34291,81387,86628
2016-06-03,312011,32483,307178,33686,4833,-1203,12571,8138,27936,38770,-15365,-30632,285460,119808,205535,33329,79925,86479
2016-06-04,313881,32866,307357,33083,6524,-217,12525,8071,28518,39820,-15993,-31749,286532,121433,206599,33361,79933,88072
2016-06-06,320805,33671,318422,33979,2383,-308,12487,8077,29128,40667,-16641,-32590,294781,127333,217224,35538,77557,91795
2016-06-07,364155,35581,328472,35361,35683,220,12582,8291,30461,43200,-17879,-34909,309787,135660,224462,33450,85325,102210
2016-06-08,301828,37102,285887,36346,15941,756,12544,8271,31650,45305,-19106,-37034,311032,138322,223682,34993,87350,103329
2016-06-13,297652,33867,306748,36534,-9096,-2667,11661,7771,32278,45962,-20617,-38191,307387,131833,243953,42266,63434,89567
2016-06-14,320159,37691,321323,37527,-1164,164,11088,7426,32247,46238,-21159,-38812,325923,149160,265531,52317,60392,96843
2016-06-15,122283,19380,137615,33032,-15332,-13652,10279,7316,31859,46897,-21580,-39581,181005,114950,109049,26262,71956,88688
2016-06-16,199809,19624,197181,38625,2628,-19001,10599,7283,33154,47857,-22555,-40574,193123,120510,131244,27900,61879,92610
2016-06-17,233870,22561,219308,41687,14562,-19126,10506,7242,33416,48984,-22910,-41742,204966,132111,135523,25853,69443,106258
2016-06-20,250441,22517,253018,42486,-2577,-19969,11629,7383,34315,49476,-22686,-42093,207930,129919,145348,28341,62582,101578
2016-06-21,265464,25283,262214,41734,3250,-16451,11944,7744,34441,49924,-22497,-42180,219756,129705,152042,29344,67714,100361
2016-06-22,178366,22219,222090,36832,-43724,-14613,11889,7657,35116,51076,-23227,-43419,223664,130439,139730,29411,83934,101028
2016-06-23,225869,23023,275581,37732,-49712,-14709,11884,7630,35615,51920,-23731,-44290,244382,130308,170797,30647,73585,99661
2016-06-24,271336,24587,329413,42975,-58077,-18388,12423,8278,37726,53756,-25303,-45478,264336,132284,206016,32869,58320,99415
2016-06-27,296657,25909,349892,44747,-53235,-18838,12366,8247,37065,53210,-24699,-44963,280804,143033,231543,32973,49261,110060
2016-06-28,303318,28484,361714,45184,-58396,-16700,12298,8177,36760,53020,-24462,-44843,280433,138011,224497,31590,55936,106421
2016-06-29,222570,24457,240979,40290,-18409,-15833,12563,8683,37833,54908,-25270,-46225,251735,140975,188762,29200,62973,111775
2016-06-30,266585,29184,269203,39423,-2618,-10239,12877,9298,38601,56757,-25724,-47459,260818,149413,206554,28676,54264,120737
2016-07-01,287743,30522,271044,41653,16699,-11131,12906,9441,39899,59673,-26993,-50232,270124,156528,214182,29258,55942,127270
2016-07-04,294110,32440,283984,38398,10126,-5958,12806,9282,40697,61298,-27891,-52016,270837,147898,225655,29006,45182,118892
2016-07-05,305054,33803,296699,41117,8355,-7314,12901,9294,41181,61912,-28280,-52618,269195,148340,231416,28476,37779,119864
2016-07-06,235153,29514,267482,36898,-32329,-7384,12786,8802,42396,62979,-29610,-54177,263539,135569,234246,28709,29293,106860
2016-07-07,263030,30525,272706,38381,-9676,-7856,12605,8579,41684,62437,-29079,-53858,272132,143885,242378,26206,29754,117679
2016-07-11,303502,32440,301047,40664,2455,-8224,12752,8990,41645,63625,-28893,-54635,270919,144878,246014,26625,24905,118253
2016-07-12,328225,34077,298236,41547,29989,-7470,12909,9319,42215,64867,-29306,-55548,285336,150401,250942,27343,34394,123058
2016-07-13,285463,33468,279466,41983,5997,-8515,13482,10343,42533,65476,-29051,-55133,293771,157737,263183,29319,30588,128418
2016-07-14,306784,34461,297823,42392,8961,-7931,13317,10112,43606,67380,-30289,-57268,297511,162378,268570,32062,28941,130316
2016-07-15,331553,36837,301114,47187,30439,-10350,13304,10170,43248,67389,-29944,-57219,302533,167614,275916,31639,26617,135975
2016-07-18,345050,37900,319588,46180,25462,-8280,13150,10198,42752,66885,-29602,-56687,300029,160943,286652,29966,13377,130977
2016-07-19,370187,43466,353240,46622,16947,-3156,13565,10545,43255,67889,-29690,-57344,309699,166231,302808,39774,6891,126457
2016-07-20,140678,23512,177253,36748,-36575,-13236,13233,10412,43686,68572,-30453,-58160,213165,142358,128132,24946,85033,117412
2016-07-21,196259,26931,248681,37949,-52422,-11018,13112,10332,43977,69861,-30865,-59529,232229,147431,152172,27363,80057,120068
2016-07-22,216110,24141,287828,37507,-71718,-13366,12934,9950,43986,69436,-31052,-59486,236087,141919,161636,24658,74451,117261
2016-07-25,228781,27602,330307,37372,-101526,-9770,12799,9675,44675,70386,-31876,-60711,234022,139626,172349,22542,61673,117084
2016-07-26,256112,28496,331955,38129,-75843,-9633,12714,9602,44715,71043,-32001,-61441,242651,151068,173144,21745,69507,129323
2016-07-27,210349,26371,283937,37543,-73588,-11172,12645,9460,44914,71487,-32269,-62027,236230,147307,179091,24272,57139,123035
2016-07-28,264689,26969,323815,39520,-59126,-12551,12648,9448,45464,72458,-32816,-63010,250763,155689,193958,25426,56805,130263
2016-07-29,282317,27253,367550,41109,-85233,-13856,12428,8964,46771,73879,-34343,-64915,254921,150766,208399,24451,46522,126315
2016-08-01,306055,31966,364573,39654,-58518,-7688,12258,9021,47155,75465,-34897,-66444,266796,165070,213993,26068,52803,139002
2016-08-02,308646,31580,383715,39671,-75069,-8091,12466,9320,47672,75587,-35206,-66267,262142,153894,222426,27058,39716,126836
2016-08-03,248346,25167,317304,36551,-68958,-11384,12016,8485,49333,77474,-37317,-68989,258278,156601,215098,27364,43180,129237
2016-08-04,290680,28087,372887,34715,-82207,-6628,11963,8293,49980,77672,-38017,-69379,257936,153148,222968,26779,34968,126369
2016-08-05,314623,31189,368628,35992,-54005,-4803,12062,8567,51843,80558,-39781,-71991,262925,160607,226462,26065,36463,134542
2016-08-08,327324,34668,397137,36786,-69813,-2118,11873,8424,52178,80800,-40305,-72376,256876,157317,236471,29768,20405,127549
2016-08-09,353630,34644,407150,37816,-53520,-3172,11924,8526,52569,81598,-40645,-73072,259693,161058,240338,29192,19355,131866
2016-08-10,281717,37932,356430,37718,-74713,214,11868,8336,53466,83270,-41598,-74934,257855,164603,241139,30951,16716,133652
2016-08-11,307740,44992,420556,40423,-112816,4569,11808,7831,54681,85679,-42873,-77848,261483,162872,273064,35401,-11581,127471
2016-08-12,336601,43185,409773,40613,-73172,2572,11896,8027,55099,86856,-43203,-78829,272309,172108,276703,36375,-4394,135733
2016-08-15,343507,43465,428563,37670,-85056,5795,12012,8301,56132,88610,-44120,-80309,277857,175003,287711,42658,-9854,132345
2016-08-16,339397,39908,437698,37806,-98301,2102,11913,8067,57840,91111,-45927,-83044,281237,170385,288917,40985,-7680,129400
2016-08-17,147922,19230,162182,24274,-14260,-5044,12244,7747,59095,93661,-46851,-85914,206469,147214,152727,23223,53742,123991
2016-08-18,191020,23800,211518,24672,-20498,-872,12294,7856,59912,95044,-47618,-87188,221009,154487,167413,22614,53596,131873
2016-08-19,212302,25115,250618,27763,-38316,-2648,12600,8333,61482,96441,-48882,-88108,223821,153421,185208,30779,38613,122642
2016-08-22,236470,24145,289379,28350,-52909,-4205,12133,7456,62719,98075,-50586,-90619,236283,162474,194373,29166,41910,133308
2016-08-23,257766,26739,271126,32545,-13360,-5806,12506,7857,61731,97257,-49225,-89400,249744,173371,188164,23478,61580,149893
2016-08-24,204487,24069,223450,30467,-18963,-6398,12680,8141,61560,96637,-48880,-88496,246340,166879,181606,24020,64734,142859
2016-08-25,246797,29408,237452,37301,9345,-7893,12818,8479,60884,96654,-48066,-88175,280639,188238,199286,23268,81353,164970
2016-08-26,266393,28522,269319,35349,-2926,-6827,12821,8504,60592,96159,-47771,-87655,273669,176925,205364,22958,68305,153967
2016-08-29,273984,29959,299791,31449,-25807,-1490,12578,7914,61117,96799,-48539,-88885,274526,171341,223676,27156,50850,144185
2016-08-30,292679,28973,297627,32796,-4948,-3823,12667,8049,61157,96697,-48490,-88648,275868,168567,229627,26285,46241,142282
2016-08-31,224949,26374,256314,33253,-31365,-6879,12652,8048,61899,97481,-49247,-89433,274525,170597,220484,25316,54041,145281
2016-09-01,249273,26677,302785,32839,-53512,-6162,12341,7452,62577,98320,-50236,-90868,280377,172421,243878,30573,36499,141848
2016-09-02,265574,29524,317416,34391,-51842,-4867,12249,7280,62662,98372,-50413,-91092,286951,176455,248098,31026,38853,145429
2016-09-05,316821,32991,306461,41435,10360,-8444,12575,7981,61648,97946,-49073,-89965,302646,194277,245055,27346,57591,166931
2016-09-06,343667,34859,309504,43508,34163,-8649,12639,8152,61280,98125,-48641,-89973,309369,202584,253497,29368,55872,173216
2016-09-07,285049,35100,260780,46906,24269,-11806,12564,8111,60205,97217,-47641,-89106,313766,215325,260855,33252,52911,182073
2016-09-08,299498,33072,290811,42979,8687,-9907,12504,7994,60381,97504,-47877,-89510,308806,201888,274249,34853,34557,167035
2016-09-09,295213,30352,337173,36739,-41960,-6387,12170,7310,61815,98985,-49645,-91675,299678,180365,279388,36501,20290,143864
2016-09-10,317320,30641,386743,34872,-69423,-4231,11936,6753,63256,99710,-51320,-92957,302260,178051,287038,35209,15222,142842
2016-09-12,327856,30352,416823,34191,-88967,-3839,11978,6789,63976,100367,-51998,-93578,307015,173353,301498,36452,5517,136901
2016-09-13,342539,32926,447730,34078,-105191,-1152,11979,6798,64091,100628,-52112,-93830,316361,173591,324735,40255,-8374,133336
2016-09-14,274806,36221,358570,37867,-83764,-1646,11835,6516,64286,100600,-52451,-94084,312301,170820,309231,36724,3070,134096
2016-09-19,331961,40558,347627,40307,-15666,251,12346,7460,61467,98204,-49121,-90744,348456,196946,326278,39315,22178,157631
2016-09-20,339744,37975,367470,36279,-27726,1696,12322,7401,62080,99131,-49758,-91730,348079,204802,330851,55972,17228,148830
2016-09-21,159638,24825,160899,27508,-1261,-2683,10739,7678,59468,97938,-48729,-90260,221174,166272,124925,24466,96249,141806
2016-09-22,199523,27912,193498,28972,6025,-1060,11024,7935,60372,99900,-49348,-91965,227638,167142,139456,25480,88182,141662
2016-09-23,227075,30049,194869,31099,32206,-1050,11101,8111,60500,100370,-49399,-92259,234559,175970,143844,23093,90715,152877
2016-09-26,244011,27369,228260,33099,15751,-5730,11019,7961,61557,101325,-50538,-93364,234932,172493,153233,25004,81699,147489
2016-09-29,237554,27032,184546,38235,53008,-11203,11311,8589,60757,100945,-49446,-92356,240557,186284,149107,22370,91450,163914
2016-09-30,288241,27893,270870,40504,17371,-12611,11025,7961,61821,101566,-50796,-93605,242390,176614,169499,24763,72891,151851
2016-10-03,314157,29250,295984,39848,18173,-10598,11171,8276,61778,102188,-50607,-93912,246332,181457,172948,25155,73384,156302
2016-10-04,341997,32587,300411,40215,41586,-7628,11861,9590,61558,102366,-49697,-92776,253942,191473,174835,24955,79107,166518
2016-10-05,264960,29354,230132,38751,34828,-9397,11749,9379,61552,102238,-49803,-92859,253242,194073,167379,26500,85863,167573
2016-10-06,286248,30682,267136,38912,19112,-8230,11810,9519,61222,101866,-49412,-92347,257612,194950,181135,26992,76477,167958
2016-10-07,315136,32312,284398,42073,30738,-9761,11666,9255,61141,101655,-49475,-92400,268052,199404,190083,30341,77969,169063
2016-10-11,323243,33434,306769,43711,16474,-10277,11310,8569,61967,102494,-50657,-93925,275765,203405,208683,45761,67082,157644
2016-10-12,285889,33605,251138,38879,34751,-5274,11039,8124,61063,101594,-50024,-93470,286952,218804,202591,41632,84361,177172
2016-10-13,298230,41097,303065,41109,-4835,-12,10607,8029,61308,101314,-50701,-93285,278244,206558,238810,51630,39434,154928
2016-10-14,304820,41506,319919,43944,-15099,-2438,10406,7699,62080,102348,-51674,-94649,282283,202223,246618,49837,35665,152386
2016-10-17,314748,45317,362456,41595,-47708,3722,10365,7642,62139,102324,-51774,-94682,289968,214452,267763,66572,22205,147880
2016-10-18,350419,46704,341418,45194,9001,1510,10491,7831,60533,99744,-50042,-91913,292494,217654,261355,59742,31139,157912
2016-10-19,197074,24126,153562,34448,43512,-10322,10878,8376,59068,98054,-48190,-89678,230541,188921,121505,25241,109036,163680
2016-10-20,265579,26307,219374,35470,46205,-9163,10889,8421,58739,97773,-47850,-89352,242397,193944,133510,27642,108887,166302
2016-10-21,287891,26603,239300,38035,48591,-11432,11156,8585,58650,97525,-47494,-88940,256742,197715,146851,28596,109891,169119
2016-10-24,286373,28525,243366,38065,43007,-9540,11215,8745,58456,97639,-47241,-88894,261120,204626,148874,27754,112246,176872
2016-10-25,314147,31203,259009,41143,55138,-9940,11070,8499,57668,96764,-46598,-88265,273187,213523,153198,28614,119989,184909
2016-10-26,235304,24272,201969,37719,33335,-13447,10906,8350,58043,97128,-47137,-88778,259058,202220,149622,30336,109436,171884
2016-10-27,251814,23831,242557,37080,9257,-13249,10039,7300,58383,97278,-48344,-89978,257045,194504,170876,31707,86169,162797
2016-10-28,261753,22249,255674,36352,6079,-14103,10022,7264,58378,97177,-48356,-89913,260123,193720,182072,31250,78051,162470
2016-10-31,266942,22123,268831,37680,-1889,-15557,9784,7102,57676,95922,-47892,-88820,265279,192347,201004,29093,64275,163254
2016-11-01,271454,24853,290533,37039,-19079,-12186,9823,7175,57478,95495,-47655,-88320,265972,187280,207011,30429,58961,156851
2016-11-02,240661,23763,271449,35921,-30788,-12158,9682,6853,59026,96849,-49344,-89996,259527,174414,212205,35885,47322,138529
2016-11-03,259811,22219,296923,34893,-37112,-12674,9591,6658,59835,97465,-50244,-90807,260459,167483,223245,41139,37214,126344
2016-11-04,264259,22233,317652,33539,-53393,-11306,9618,6695,59888,97292,-50270,-90597,273219,166481,250568,41045,22651,125436
2016-11-07,294299,23206,341451,32313,-47152,-9107,10042,7488,58693,96104,-48651,-88616,285131,174417,269416,39138,15715,135279
2016-11-08,321987,25851,356374,32313,-34387,-6462,10085,7621,57788,95111,-47703,-87490,303428,176461,301727,40442,1701,136019
2016-11-09,266237,28003,304222,36640,-37985,-8637,9626,6365,60480,97765,-50854,-91400,275052,167956,265565,43848,9487,124108
2016-11-10,298194,29859,320250,32001,-22056,-2142,9949,6873,57256,94713,-47307,-87840,278328,173833,286462,42419,-8134,131414
2016-11-11,299329,29034,366334,36185,-67005,-7151,9739,6604,58262,94477,-48523,-87873,280849,165965,325264,50812,-44415,115153
2016-11-14,307623,29501,393833,36809,-86210,-7308,9801,6705,57585,93202,-47784,-86497,291126,171861,338672,52915,-47546,118946
2016-11-15,317979,25780,390474,37032,-72495,-11252,9922,6778,57445,92485,-47523,-85707,309038,184787,351948,58160,-42910,126627
2016-11-16,153686,19619,170122,24455,-16436,-4836,9725,6895,56323,91077,-46598,-84182,224726,150420,162048,29138,62678,121282
2016-11-17,196881,20274,219085,25211,-22204,-4937,10097,7094,56453,91355,-46356,-84261,235642,153703,176185,31141,59457,122562
2016-11-18,218385,20263,234562,26070,-16177,-5807,10160,7316,55704,90222,-45544,-82906,246698,162391,184173,34087,62525,128304
2016-11-21,234062,21631,249736,24723,-15674,-3092,10198,7486,55082,89371,-44884,-81885,254142,162564,188911,32507,65231,130057
2016-11-22,281815,22449,241694,29971,40121,-7522,10431,8044,53506,87709,-43075,-79665,275513,179487,193773,30337,81740,149150
2016-11-23,246838,22189,216376,30774,30462,-8585,10476,8254,53083,87300,-42607,-79046,277033,181288,194841,28314,82192,152974
2016-11-24,260445,20754,245553,31144,14892,-10390,10593,8426,53316,87376,-42723,-78950,277672,177467,207065,31148,70607,146319
2016-11-25,278999,20615,256579,33662,22420,-13047,10517,8473,53266,87520,-42749,-79047,283015,182275,211047,30626,71968,151649
2016-11-28,300105,21515,258556,36514,41549,-14999,10017,8263,52565,86837,-42548,-78574,299552,196295,216282,33151,83270,163144
2016-11-29,305007,21516,262892,36651,42115,-15135,10300,8340,52615,86827,-42315,-78487,296904,191160,224161,35011,72743,156149
2016-11-30,282197,20131,235216,36759,46981,-16628,10236,8323,52455,86789,-42219,-78466,300656,195697,218129,35807,82527,159890
2016-12-01,307233,21382,248758,36823,58475,-15441,10327,8522,52008,86268,-41681,-77746,313036,200303,227628,39050,85408,161253
2016-12-02,310019,21709,287332,32588,22687,-10879,10053,8263,52904,87000,-42851,-78737,311797,184191,245487,43764,66310,140427
2016-12-05,321013,21967,306318,34672,14695,-12705,9504,7578,53186,87457,-43682,-79879,312650,186526,252640,43431,60010,143095
2016-12-06,369811,27383,301088,43261,68723,-15878,9459,7576,52069,86397,-42610,-78821,333936,203707,263156,43335,70780,160372
2016-12-07,296208,22900,257898,36672,38310,-13772,9456,7625,52000,86261,-42544,-78636,331099,196426,263298,46070,67801,150356
2016-12-08,311089,26944,265448,39764,45641,-12820,9641,8053,51281,85862,-41640,-77809,337277,205019,273711,44572,63566,160447
2016-12-09,326262,28866,278641,41910,47621,-13044,9442,7701,51106,85701,-41664,-78000,344713,209367,282857,41720,61856,167647
2016-12-12,323725,26234,294909,41662,28816,-15428,9131,7516,51471,86139,-42340,-78623,348556,204014,305630,47932,42926,156082
2016-12-13,324864,28341,298415,40441,26449,-12100,9151,7570,51434,86274,-42283,-78704,351340,202771,309543,45408,41797,157363
2016-12-14,293205,28760,264391,39757,28814,-10997,8999,7448,51474,86265,-42475,-78817,355558,198950,311003,47421,44555,151529
2016-12-15,302904,28731,292123,40326,10781,-11595,8572,7277,51500,86250,-42928,-78973,359113,196821,333202,49007,25911,147814
2016-12-16,294797,27435,308509,38762,-13712,-11327,8432,6973,52138,86456,-43706,-79483,347820,179590,335713,49508,12107,130082
2016-12-19,310885,24202,314905,41450,-4020,-17248,8203,6500,53013,87397,-44810,-80897,344237,171873,333309,40911,10928,130962
2016-12-20,301903,28974,327158,39637,-25255,-10663,8265,6381,52766,87347,-44501,-80966,346870,168754,338518,48151,8352,120603
2016-12-21,117763,14884,153882,26773,-36119,-11889,7426,5879,52329,86890,-44903,-81011,184339,145125,119425,29678,64914,115447
2016-12-22,148579,17218,206487,32421,-57908,-15203,7382,5742,52845,86910,-45463,-81168,189751,142959,143983,37286,45768,105673
2016-12-23,164381,17680,226778,33365,-62397,-15685,7234,5617,53127,86711,-45893,-81094,193746,140009,151852,36695,41894,103314
2016-12-26,174101,18080,238427,32012,-64326,-13932,7147,5627,52581,86020,-45434,-80393,197616,141341,153516,37779,44100,103562
2016-12-27,179329,18230,244737,32096,-65408,-13866,7085,5607,52588,85929,-45503,-80322,197443,139571,157357,37473,40086,102098
2016-12-28,146679,19886,198953,29753,-52274,-9867,7064,5787,50900,84175,-43836,-78388,202295,145400,149392,32720,52903,112680
2016-12-29,184794,18778,238769,31074,-53975,-12296,6999,5811,50754,83632,-43755,-77821,208762,148247,161071,29950,47691,118297
2016-12-30,202497,22223,249466,32638,-46969,-10415,7460,6711,50524,83499,-43064,-76788,217671,154937,168956,30381,48715,124556
2017-01-03,210374,25797,258700,31467,-48326,-5670,7477,6759,50462,83636,-42985,-76877,218502,149765,170734,30518,47768,119247
2017-01-04,167035,22248,213274,32438,-46239,-10190,7588,6960,50117,83354,-42529,-76394,217037,146599,165312,31430,51725,115169
2017-01-05,199886,28182,239045,34981,-39159,-6799,8021,7377,49049,82436,-41028,-75059,233973,162224,172347,30828,61626,131396
2017-01-06,223341,29611,251647,35446,-28306,-5835,7881,7224,48947,82449,-41066,-75225,240152,165287,176169,30663,63983,134624
2017-01-09,233976,28389,272616,32940,-38640,-4551,7796,7051,49250,82816,-41454,-75765,241722,159390,185823,32777,55899,126613
2017-01-10,242908,26376,272714,33686,-29806,-7310,7733,6932,49170,82806,-41437,-75874,249958,164886,189740,32405,60218,132481
2017-01-11,188974,26382,242123,34263,-53149,-7881,7668,6805,48645,82018,-40977,-75213,251783,164659,195382,36130,56401,128529
2017-01-12,225519,32032,262866,35058,-37347,-3026,7732,6973,47970,81542,-40238,-74569,268907,180318,203059,34020,65848,146298
2017-01-13,228100,32232,305331,36003,-77231,-3771,7386,6741,48240,81872,-40854,-75131,263565,169355,220955,37599,42610,131756
2017-01-16,241707,34755,329461,40401,-87754,-5646,7294,5903,49601,83007,-42307,-77104,271525,172382,244762,56419,26763,115963
2017-01-17,269671,37417,340373,38425,-70702,-1008,7440,6206,49245,82786,-41805,-76580,293613,187654,250472,58443,43141,129211
2017-01-18,167172,21422,190545,29952,-23373,-8530,6844,5978,49548,84079,-42704,-78101,226975,154994,147696,44556,79279,110438
2017-01-19,253516,36718,294939,44732,-41423,-8014,6818,5937,49533,83940,-42715,-78003,233746,155131,170774,45106,62972,110025
2017-01-20,278189,35593,328068,46484,-49879,-10891,6822,5949,49611,84372,-42789,-78423,242658,162740,187550,43456,55108,119284
2017-01-23,310991,36186,349893,49458,-38902,-13272,7319,6745,48354,82705,-41035,-75960,254517,168312,198438,37277,56079,131035
2017-01-24,332278,36824,360198,50276,-27920,-13452,7272,6679,52045,83003,-44773,-76324,261060,166255,210423,31313,50637,134942
2017-02-02,294038,37499,307439,48798,-13401,-11299,7361,6803,48695,83063,-41334,-76260,252290,155593,194898,31151,57392,124442
2017-02-03,315074,41261,343451,50063,-28377,-8802,7375,6864,48686,83580,-41311,-76716,256983,159787,206659,28185,50324,131602
2017-02-06,359487,45083,373343,52988,-13856,-7905,7635,7082,48042,82953,-40407,-75871,276683,167379,223973,27639,52710,139740
2017-02-07,373647,48056,395246,52861,-21599,-4805,7427,6694,48061,83122,-40634,-76428,287227,172361,237749,29260,49478,143101
2017-02-08,330120,42431,335083,51883,-4963,-9452,7379,6463,48082,83042,-40703,-76579,296702,177068,246605,35221,50097,141847
2017-02-09,342204,42152,348834,47199,-6630,-5047,7431,6599,47764,82929,-40333,-76330,310019,187876,260198,32546,49821,155330
2017-02-10,385401,42235,354634,56104,30767,-13869,7444,6681,46999,82169,-39555,-75488,324752,198868,273257,37123,51495,161745
2017-02-13,390019,44728,369176,55530,20843,-10802,7496,6785,46648,81792,-39152,-75007,336073,209678,282242,49623,53831,160055
2017-02-14,413228,48449,375303,64921,37925,-16472,7200,6536,46649,81848,-39449,-75312,344377,212091,291093,56697,53284,155394
2017-02-15,215823,23624,219461,36871,-3638,-13247,7088,6498,45739,81018,-38651,-74520,267322,183327,175274,33206,92048,150121
2017-02-16,244901,23233,284538,39069,-39637,-15836,7205,6380,46060,81393,-38855,-75013,266773,173509,200663,38911,66110,134598
2017-02-17,259371,23726,300873,40471,-41502,-16745,7360,6264,46402,81996,-39042,-75732,270305,172617,208968,38504,61337,134113
2017-02-18,265966,25621,315573,39602,-49607,-13981,7133,6164,46394,82172,-39261,-76008,270786,173200,210078,38384,60708,134816
2017-02-20,281841,26315,331194,45317,-49353,-19002,7283,6137,46554,82363,-39271,-76226,272470,170839,215122,40942,57348,129897
2017-02-21,297319,27504,358491,44697,-61172,-17193,7224,6085,46557,82341,-39333,-76256,278902,167347,225072,43513,53830,123834
2017-02-22,244327,25545,290978,41765,-46651,-16220,6982,6002,46216,81800,-39234,-75798,279150,165568,230396,47401,48754,118167
2017-02-23,279109,24807,330233,44928,-51124,-20121,6952,5998,46300,81805,-39348,-75807,287421,170331,236902,44654,50519,125677
2017-02-24,290454,25529,362731,44989,-72277,-19460,6550,5537,46548,82180,-39998,-76643,302047,171580,255209,46455,46838,125125
2017-03-01,252836,26001,322613,43387,-69777,-17386,6308,5026,47319,82914,-41011,-77888,298810,162820,265024,57533,33786,105287
2017-03-02,280175,26843,365679,44016,-85504,-17173,6435,5273,47204,82722,-40769,-77449,305285,160033,275222,57531,30063,102502
2017-03-03,301302,28171,393668,43999,-92366,-15828,6361,5099,47226,82239,-40865,-77140,315256,160352,284401,59782,30855,100570
2017-03-06,330917,27243,392118,42928,-61201,-15685,6366,5134,47060,82029,-40694,-76895,333739,165035,286228,55369,47511,109666
2017-03-07,335835,31793,396093,45456,-60258,-13663,6687,5738,46830,81638,-40143,-75900,336743,163811,293109,52321,43634,111490
2017-03-08,272739,31483,330921,44197,-58182,-12714,6753,5873,46141,80445,-39388,-74572,349127,165098,301177,53860,47950,111238
2017-03-09,270898,32561,356299,48019,-85401,-15458,6486,5302,46970,81239,-40484,-75937,344452,153174,330702,61948,13750,91226
2017-03-10,278871,28522,364952,45601,-86081,-17079,6423,5170,47050,81313,-40627,-76143,338484,153189,352911,67456,-14427,85733
2017-03-13,307882,32295,359483,43968,-51601,-11673,6415,5109,46352,80496,-39937,-75387,347077,166430,351167,66651,-4090,99779
2017-03-14,315468,36641,358421,44611,-42953,-7970,7062,5738,45600,79058,-38538,-73320,354808,166982,349866,62794,4942,104188
2017-03-15,160299,16085,183893,32691,-23594,-16606,6508,5721,45233,78863,-38725,-73142,219012,148806,190316,39272,28696,109534
2017-03-16,197919,22094,224342,36179,-26423,-14085,6537,5838,44318,78029,-37781,-72191,240600,160524,202180,37298,38420,123226
2017-03-17,200826,25566,248014,35055,-47188,-9489,6721,6220,44107,77981,-37386,-71761,246586,161339,208903,39273,37683,122066
2017-03-20,208321,25826,268617,33218,-60296,-7392,6640,6062,43885,77593,-37245,-71531,250210,161281,212698,40048,37512,121233
2017-03-21,249694,30809,278975,35880,-29281,-5071,6767,6358,43420,77206,-36653,-70848,266931,168931,222890,48634,44041,120297
2017-03-22,182484,24331,247847,31514,-65363,-7183,6679,6139,43895,77844,-37216,-71705,271983,163090,226836,48378,45147,114712
2017-03-23,209177,25271,288715,31748,-79538,-6477,6842,6249,44272,78921,-37430,-72672,274747,159285,232320,52065,42427,107220
2017-03-24,216554,23224,306537,31715,-89983,-8491,6806,6177,44318,78941,-37512,-72764,281169,162301,238498,48687,42671,113614
2017-03-27,243717,20721,328033,34933,-84316,-14212,6743,6032,44786,79593,-38043,-73561,292137,172669,248741,49786,43396,122883
2017-03-28,243549,21679,359064,36678,-115515,-14999,6357,5276,44626,79421,-38269,-74145,297046,168825,254602,53463,42444,115362
2017-03-29,208394,20262,289884,34567,-81490,-14305,6313,5400,44864,79696,-38551,-74296,294990,163446,254018,52554,40972,110892
2017-03-30,230731,19435,330616,36512,-99885,-17077,6377,5511,44903,79553,-38526,-74042,303496,165194,264504,49977,38992,115217
2017-03-31,244697,19315,349989,39481,-105292,-20166,6177,5106,45120,79757,-38943,-74651,300608,164195,278369,52389,22239,111806
2017-04-05,222804,29459,294378,38674,-71574,-9215,6431,5768,44049,78781,-37618,-73013,308219,180503,272065,54823,36154,125680
2017-04-06,227962,25525,349719,38892,-121757,-13367,6485,5836,44153,78449,-37668,-72613,304229,167457,294897,56353,9332,111104
2017-04-07,232852,27720,366072,36474,-133220,-8754,6181,5217,44758,79393,-38577,-74176,300798,152152,321066,53688,-20268,98464
2017-04-10,242896,28988,374310,36378,-131414,-7390,6178,5214,44668,79320,-38490,-74106,302904,152955,324844,50491,-21940,102464
2017-04-11,263338,26974,389976,40752,-126638,-13778,6119,5075,44869,79260,-38750,-74185,306738,153352,345454,52364,-38716,100988
2017-04-12,239995,22452,322531,40581,-82536,-18129,6083,5004,44896,79296,-38813,-74292,311376,158615,324080,50612,-12704,108003
2017-04-13,276894,27736,337664,45325,-60770,-17589,6147,5142,44635,78968,-38488,-73826,322283,163207,348143,50066,-25860,113141
2017-04-14,259983,24889,363032,41657,-103049,-16768,6076,4939,45532,79666,-39456,-74727,326819,154310,384239,56886,-57420,97424
2017-04-17,267425,27118,377753,41052,-110328,-13934,6006,4806,45601,79820,-39595,-75014,341374,159384,402693,59848,-61319,99536
2017-04-18,281645,34727,405436,41131,-123791,-6404,6022,4837,45490,79681,-39468,-74844,338648,153895,411146,65720,-72498,88175
2017-04-19,174898,20246,254160,30698,-79262,-10452,6298,5059,46129,80254,-39831,-75195,226936,129904,209423,48510,17513,81394
2017-04-20,216030,20687,291289,31857,-75259,-11170,6324,5109,46473,80641,-40149,-75532,231747,132104,226223,45901,5524,86203
2017-04-21,248546,26229,306012,34928,-57466,-8699,6276,5317,45303,79283,-39027,-73966,251327,135958,258546,38518,-7219,97440
2017-04-24,254958,26574,315049,36944,-60091,-10370,6508,5769,44848,78467,-38340,-72698,251944,136334,259341,42862,-7397,93472
2017-04-25,303228,34603,324321,38639,-21093,-4036,6583,5976,43960,77596,-37377,-71620,263668,148279,265388,36134,-1720,112145
2017-04-26,258076,30159,284356,39942,-26280,-9783,6611,6043,43405,76717,-36794,-70674,262306,151720,242387,38030,19919,113690
2017-04-27,280539,29739,322987,40434,-42448,-10695,6607,6032,43611,76870,-37004,-70838,270778,154562,271546,38949,-768,115613
2017-04-28,296962,30788,343083,39184,-46121,-8396,6651,6129,43378,76551,-36727,-70422,275272,159417,284050,40553,-8778,118864
2017-05-02,321328,36168,345285,45234,-23957,-9066,6702,6309,42854,76087,-36152,-69778,286214,169428,288086,40036,-1872,129392
2017-05-03,300169,36630,303535,46657,-3366,-10027,6888,6454,42715,76097,-35827,-69643,290471,171358,283121,40601,7350,130757
2017-05-04,311083,41611,348255,45236,-37172,-3625,6868,6427,42739,76312,-35871,-69885,301400,172887,294135,40376,7265,132511
2017-05-05,317392,34897,372283,44086,-54891,-9189,6601,6048,43658,77613,-37057,-71565,301622,165260,317592,40417,-15970,124843
2017-05-08,331256,38070,388283,43146,-57027,-5076,6692,6250,43915,78198,-37223,-71948,308008,163209,322076,40038,-14068,123171
2017-05-09,364469,39938,397495,46773,-33026,-6835,6599,6062,44009,78144,-37410,-72082,337087,168786,324768,40511,12319,128275
2017-05-10,334409,44551,344556,47536,-10147,-2985,6589,6061,43545,77651,-36956,-71590,344240,172468,314537,39207,29703,133261
2017-05-11,344639,53327,374615,48256,-29976,5071,6567,6079,42967,76862,-36400,-70783,341916,175236,317171,38803,24745,136433
2017-05-12,355232,50370,404794,48415,-49562,1955,6222,5943,42758,76567,-36536,-70624,342595,175349,319394,38745,23201,136604
2017-05-15,372768,53925,401364,48824,-28596,5101,6231,5985,42818,76975,-36587,-70990,360364,186350,331749,50056,28615,136294
2017-05-16,378441,49124,408093,52455,-29652,-3331,6174,5867,42798,76879,-36624,-71012,359915,184390,340223,53347,19692,131043
2017-05-17,202043,26241,239894,38305,-37851,-12064,6119,5704,42841,76736,-36722,-71032,256031,162919,176715,34117,79316,128802
2017-05-18,246964,29333,300025,43376,-53061,-14043,5782,5026,43312,77455,-37530,-72429,269754,171713,207808,35037,61946,136676
2017-05-19,267047,28773,344363,43258,-77316,-14485,5793,5040,43303,77291,-37510,-72251,271357,166210,225087,38200,46270,128010
2017-05-22,283226,36198,367189,42102,-83963,-5904,6031,5535,43673,78355,-37642,-72820,273267,165344,228951,37016,44316,128328
2017-05-23,300655,37906,380553,42608,-79898,-4702,5966,5418,43595,78361,-37629,-72943,291367,171061,231864,37582,59503,133479
2017-05-24,273481,41013,317557,43459,-44076,-2446,5973,5442,43629,78628,-37656,-73186,292540,174373,224949,38428,67591,135945
2017-05-25,313967,45277,366770,48337,-52803,-3060,5933,5707,43058,78353,-37125,-72646,312737,190018,235698,40080,77039,149938
2017-05-26,334140,40795,399830,48646,-65690,-7851,5857,5525,43645,78706,-37788,-73181,315108,181487,244564,42270,70544,139217
2017-05-31,295315,37761,350373,45738,-55058,-7977,5504,4806,44261,79440,-38757,-74634,311519,175270,249499,51327,62020,123943
2017-06-01,315962,42622,391893,43203,-75931,-581,5516,4850,43721,78806,-38205,-73956,314375,172406,253138,51323,61237,121083
2017-06-02,329025,46229,411601,44558,-82576,1671,5958,5773,43235,78318,-37277,-72545,320187,173054,257325,49197,62862,123857
2017-06-03,340676,47027,425621,46097,-84945,930,5910,5688,43229,78477,-37319,-72789,322769,173978,259615,48789,63154,125189
2017-06-05,362555,52903,425099,44871,-62544,8032,5901,5692,42745,77849,-36844,-72157,325014,175635,266808,47931,58206,127704
2017-06-06,363020,52174,425726,45434,-62706,6740,5803,5532,42782,77791,-36979,-72259,324085,174083,271267,49119,52818,124964
2017-06-07,335428,50494,393866,47337,-58438,3157,5889,5715,42916,78010,-37027,-72295,324762,176034,264093,48763,60669,127271
2017-06-08,351898,55247,424432,46080,-72534,9167,5919,5793,42899,78159,-36980,-72366,329609,178334,273493,51289,56116,127045
2017-06-09,361682,50129,437264,48859,-75582,1270,5744,5427,42909,78037,-37165,-72610,336428,178930,275233,48841,61195,130089
2017-06-12,413356,46071,471724,54328,-58368,-8257,5352,4619,43955,79585,-38603,-74966,339890,181499,300136,52560,39754,128939
2017-06-13,427290,48197,495752,54507,-68462,-6310,5380,4630,43444,78691,-38064,-74061,342118,180284,305724,54574,36394,125710
2017-06-14,360221,47272,460079,53408,-99858,-6136,5315,4479,43875,78909,-38560,-74430,331119,168451,306852,55560,24267,112891
2017-06-15,358094,48629,488307,50355,-130213,-1726,5372,4596,44135,79296,-38763,-74700,335755,172827,309911,60522,25844,112305
2017-06-16,384445,50466,495490,56257,-111045,-5791,5687,5268,42657,76779,-36970,-71511,341088,172295,305665,50363,35423,121932
2017-06-19,416493,53342,501671,56546,-85178,-3204,5815,5559,42168,75934,-36353,-70375,351911,183667,317354,60941,34557,122726
2017-06-20,442430,58152,484977,61290,-42547,-3138,5739,5539,41802,75650,-36063,-70111,367478,188906,318776,64218,48702,124688
2017-06-21,186217,23874,271935,44483,-85718,-20609,5819,5505,41187,75258,-35368,-69753,236585,176152,130722,43412,105863,132740
2017-06-22,211256,28436,320932,44911,-109676,-16475,5826,5556,40853,74994,-35027,-69438,248887,176127,150988,45698,97899,130429
2017-06-23,230976,27943,360110,49789,-129134,-21846,6133,6138,40344,73839,-34211,-67701,254361,173885,158084,45724,96277,128161
2017-06-26,285043,42066,395900,52068,-110857,-10002,6174,6335,39138,72589,-32964,-66254,272137,178295,175993,56012,96144,122283
2017-06-27,296579,43716,431000,53976,-134421,-10260,6137,6251,38987,72182,-32850,-65931,276584,175036,188504,64166,88080,110870
2017-06-28,231763,37918,378033,54484,-146270,-16566,5911,5727,39451,72393,-33540,-66666,266449,175099,202436,65490,64013,109609
2017-06-29,265360,38694,416935,54099,-151575,-15405,5584,5439,39699,72819,-34115,-67380,271333,177624,222667,67592,48666,110032
2017-06-30,281692,39302,451082,53316,-169390,-14014,5631,5505,40148,73440,-34517,-67935,281366,178036,243371,72349,37995,105687
2017-07-03,303429,42867,457387,51036,-153958,-8169,5686,5619,40130,73650,-34444,-68031,282046,176419,248555,73311,33491,103108
2017-07-04,324025,41528,460676,53807,-136651,-12279,5692,5586,40454,73791,-34762,-68205,287338,174756,268669,75687,18669,99069
2017-07-05,261699,40671,401038,51722,-139339,-11051,5689,5610,40053,73593,-34364,-67983,286721,182545,258118,72470,28603,110075
2017-07-06,280496,42773,468334,52278,-187838,-9505,5728,5670,40033,73325,-34305,-67655,281639,170180,271947,73608,9692,96572
2017-07-07,293862,44265,493795,52969,-199933,-8704,5569,5313,40859,74530,-35290,-69217,282953,166391,283252,77551,-299,88840
2017-07-10,316931,42280,500345,54620,-183414,-12340,5607,5397,40916,74674,-35309,-69277,285766,168368,290562,77660,-4796,90708
2017-07-11,372182,54091,496334,54710,-124152,-619,5870,5995,39493,72691,-33623,-66696,294775,176611,297374,77862,-2599,98749
2017-07-12,290573,50545,422084,52918,-131511,-2373,6115,6520,39497,72603,-33382,-66083,285067,170568,319308,82297,-34241,88271
2017-07-13,330176,53501,437931,51326,-107755,2175,6172,6687,38865,71803,-32693,-65116,291400,166389,324966,70198,-33566,96191
2017-07-14,337598,54378,468756,51499,-131158,2879,6188,6703,38879,71624,-32691,-64921,290425,162896,333681,70767,-43256,92129
2017-07-17,362330,56610,480539,51150,-118209,5460,6246,6801,38861,71398,-32615,-64597,297797,172147,345144,83727,-47347,88420
2017-07-18,387715,63618,492805,52497,-105090,11121,6276,6839,38655,71095,-32379,-64256,295611,165911,350225,79283,-54614,86628
2017-07-19,195812,27683,233696,45102,-37884,-17419,6607,7036,38665,71733,-32058,-64697,213800,148321,186043,48549,27757,99772
2017-07-20,219732,28344,292972,45001,-73240,-16657,6653,7171,38730,71897,-32077,-64726,220580,144947,213197,50983,7383,93964
2017-07-21,236048,29193,339471,47704,-103423,-18511,6607,7025,39347,72732,-32740,-65707,218882,141339,223576,53794,-4694,87545
2017-07-24,274511,29284,350374,48242,-75863,-18958,6442,6703,39644,73569,-33202,-66866,226167,149079,226797,49683,-630,99396
2017-07-25,280411,34646,365990,46522,-85579,-11876,6428,6669,39646,73588,-33218,-66919,224171,142667,232765,52325,-8594,90342
2017-07-26,234831,32408,324143,46647,-89312,-14239,6708,7214,39275,72581,-32567,-65367,224084,143923,232218,57399,-8134,86524
2017-07-27,297725,32761,340947,47994,-43222,-15233,6466,7299,38798,72399,-32332,-65100,241625,160948,240095,55359,1530,105589
2017-07-28,286718,37183,387731,48073,-101013,-10890,5959,6211,39742,73278,-33783,-67067,233493,146292,270387,63469,-36894,82823
2017-07-31,313716,35886,394940,48156,-81224,-12270,5958,6211,40080,74059,-34122,-67848,239703,146516,281188,60582,-41485,85934
2017-08-01,318780,34814,385324,47295,-66544,-12481,6073,6460,39619,73106,-33546,-66646,241217,142202,284432,59222,-43215,82980
2017-08-02,277841,36009,334075,45285,-56234,-9276,6274,6927,39286,73021,-33012,-66094,250132,154596,273653,58733,-23521,95863
2017-08-03,307287,40688,409542,46651,-102255,-5963,5894,6117,39527,73287,-33633,-67170,255593,150727,315766,61480,-60173,89247
2017-08-04,324083,44132,424278,45742,-100195,-1610,5906,6153,39461,73366,-33555,-67213,263998,155038,332833,62517,-68835,92521
2017-08-07,356213,46376,417792,47112,-61579,-736,5977,6353,38872,72760,-32895,-66407,274674,161546,348242,65073,-73568,96473
2017-08-08,362523,49846,445140,47275,-82617,2571,5997,6393,38889,72764,-32892,-66371,273485,157896,365962,66148,-92477,91748
2017-08-09,320410,46745,418110,50678,-97700,-3933,6139,6658,39360,73302,-33221,-66644,266521,154145,366223,66134,-99702,88011
2017-08-10,365908,40653,444561,53277,-78653,-12624,6046,6393,40538,74420,-34492,-68027,264746,142041,446262,68044,-181516,73997
2017-08-11,395301,39824,463591,54572,-68290,-14748,6099,6439,40607,74304,-34508,-67865,273935,148871,488700,70869,-214765,78002
2017-08-14,413550,42148,495608,61529,-82058,-19381,5973,6167,42660,75339,-36687,-69172,272801,137023,478752,54740,-205951,82283
2017-08-15,427346,43966,497883,52163,-70537,-8197,5978,6224,42398,75684,-36420,-69460,283121,145319,490211,67082,-207090,78237
2017-08-16,258474,29844,291805,43042,-33331,-13198,6233,6400,41057,75508,-34824,-69108,232037,130821,265653,51159,-33616,79662
2017-08-17,324856,33659,358494,47657,-33638,-13998,6321,6626,40511,74924,-34190,-68298,248306,142259,284794,50197,-36488,92062
2017-08-18,345731,34532,414817,47572,-69086,-13040,6334,6628,40408,74426,-34074,-67798,248084,139250,299378,47405,-51294,91845
2017-08-21,364221,37499,425066,47583,-60845,-10084,6337,6642,40376,74445,-34039,-67803,252875,141439,305537,46931,-52662,94508
2017-08-22,425277,38571,441883,54678,-16606,-16107,6440,6905,39941,74122,-33501,-67217,274577,150976,312886,46596,-38309,104380
2017-08-23,348660,35589,353818,52288,-5158,-16699,6420,6876,39736,73807,-33316,-66931,268875,148621,305717,49981,-36842,98640
2017-08-24,401585,39605,380352,57375,21233,-17770,6474,7042,39044,72987,-32570,-65945,293722,169890,322739,48939,-29017,120951
2017-08-25,411285,41550,414858,56093,-3573,-14543,6546,7225,38804,72762,-32258,-65537,304284,169917,340454,50367,-36170,119550
2017-08-28,419770,40942,421831,57400,-2061,-16458,6861,7508,39980,75276,-33119,-67768,315898,174710,357615,52095,-41717,122615
2017-08-29,431364,39830,452484,59137,-21120,-19307,6711,7176,39994,75124,-33283,-67948,312673,169813,363841,50014,-51168,119799
2017-08-30,409264,42955,381577,64297,27687,-21342,6793,7392,40596,76864,-33803,-69472,322935,180892,366733,53909,-43798,126983
2017-08-31,441752,41893,413287,62082,28465,-20189,6758,7334,40804,77445,-34046,-70111,331524,182557,378503,56703,-46979,125854
2017-09-01,473630,44324,417367,65132,56263,-20808,6748,7329,40761,77538,-34013,-70209,340567,190190,385124,56521,-44557,133669
2017-09-04,479378,43386,425453,66080,53925,-22694,6663,7139,40732,77318,-34069,-70179,341894,192983,390019,55258,-48125,137725
2017-09-05,464164,44214,446734,63928,17430,-19714,6520,7159,42254,80890,-35734,-73731,340494,190591,399794,56856,-59300,133735
2017-09-06,439137,42949,427478,66716,11659,-23767,6363,6790,43416,82866,-37053,-76076,337351,185622,407957,56565,-70606,129057
2017-09-07,491099,41975,471552,69458,19547,-27483,6145,6534,44467,85056,-38322,-78522,344614,189598,423612,59879,-78998,129719
2017-09-08,542886,44259,488286,69371,54600,-25112,6231,6944,46790,90619,-40559,-83675,363239,207580,434712,57758,-71473,149822
2017-09-11,521676,46224,510046,66778,11630,-20554,6275,7041,47235,91607,-40960,-84566,350921,195439,448994,60418,-98073,135021
2017-09-12,540757,47523,531823,67406,8934,-19883,6138,6767,47418,92100,-41280,-85333,364685,197990,456103,58639,-91418,139351
2017-09-13,471271,46960,478259,69244,-6988,-22284,5774,5960,48261,93272,-42487,-87312,354533,196764,464271,68629,-109738,128135
2017-09-14,507069,48878,491317,70226,15752,-21348,6172,5864,48819,93602,-42647,-87738,360880,199504,474083,66655,-113203,132849
2017-09-15,512547,48672,512397,69071,150,-20399,6193,5925,48809,93872,-42616,-87947,369273,204632,485140,63682,-115867,140950
2017-09-18,544328,53973,520850,74556,23478,-20583,6410,6426,48072,92851,-41662,-86425,384297,227403,496918,78574,-112621,148829
2017-09-19,527656,60735,585751,72094,-58095,-11359,6136,5887,48414,93014,-42278,-87127,392405,217942,518518,97122,-126113,120820
2017-09-20,278784,29053,286964,54625,-8180,-25572,5922,5161,49628,94550,-43706,-89389,246264,174082,290509,56333,-44245,117749
2017-09-21,344593,32823,318775,54965,25818,-22142,5953,5253,48981,93728,-43028,-88475,260127,183562,309351,56140,-49224,127422
2017-09-22,352413,33097,382671,61833,-30258,-28736,6023,5353,49697,93969,-43674,-88616,262290,172116,338141,65887,-75851,106229
2017-09-25,379824,33686,435236,63568,-55412,-29882,5886,5096,50096,94859,-44210,-89763,266363,168640,353768,69064,-87405,99576
2017-09-26,409642,35586,479864,68185,-70222,-32599,5849,4990,50475,95120,-44626,-90130,276901,168821,360221,69011,-83320,99810
2017-09-27,360752,33492,376641,61497,-15889,-28005,5833,4982,48248,91079,-42415,-86097,262759,166223,349247,64505,-86488,101718
2017-09-28,402400,34353,420342,62806,-17942,-28453,5917,5151,46481,86842,-40564,-81691,265794,164098,365624,71691,-99830,92407
2017-09-29,430502,32653,427379,62749,3123,-30096,5931,5187,46685,87373,-40754,-82186,272614,166546,372014,70918,-99400,95628
2017-09-30,442442,34675,429816,61220,12626,-26545,6133,5634,45649,85754,-39516,-80120,276414,167656,371525,70130,-95111,97526
2017-10-02,457232,38807,432581,63050,24651,-24243,6166,5738,43647,82146,-37481,-76408,295182,171226,372339,63440,-77157,107786
2017-10-03,467592,43939,464679,60589,2913,-16650,6109,5633,42531,79921,-36422,-74288,298174,168723,373540,64381,-75366,104342
2017-10-05,384704,39434,383385,59265,1319,-19831,6173,5801,42100,79267,-35927,-73466,298130,179412,367913,64088,-69783,115324
2017-10-06,409544,41288,420317,58369,-10773,-17081,6369,6082,42169,79553,-35800,-73471,302343,176768,372693,61107,-70350,115661
2017-10-11,409292,42147,387368,55603,21924,-13456,6400,6208,41339,78633,-34939,-72425,327491,196030,393622,65817,-66131,130213
2017-10-12,430862,45841,397051,54109,33811,-8268,6358,6156,41007,78001,-34649,-71845,341308,202920,409254,68934,-67946,133986
2017-10-13,433305,50111,414999,54404,18306,-4293,6283,6001,40989,78035,-34706,-72034,343345,208133,421194,77088,-77849,131045
2017-10-16,455469,52043,430011,57378,25458,-5335,6236,5970,40725,77757,-34489,-71787,358894,231846,442232,104744,-83338,127102
2017-10-17,477668,47965,429566,57207,48102,-9242,6099,5798,40866,77848,-34767,-72050,363677,232816,449351,105083,-85674,127733
2017-10-18,300446,27546,246897,47833,53549,-20287,6295,5855,40869,77903,-34574,-72048,247546,184084,284062,51710,-36516,132374
2017-10-19,369749,28791,300617,48643,69132,-19852,6435,6170,40198,76728,-33763,-70558,264619,187710,297972,56842,-33353,130868
2017-10-20,396433,27516,344999,51879,51434,-24363,6387,6059,40241,76593,-33854,-70534,274722,190279,305349,57062,-30627,133217
2017-10-23,400024,32365,374213,50023,25811,-17658,6408,6107,40205,76561,-33797,-70454,275025,185008,310715,57408,-35690,127600
2017-10-24,414483,30004,387406,50560,27077,-20556,6474,6253,39495,75085,-33021,-68832,281535,189205,329484,59741,-47949,129464
2017-10-25,353968,29598,308719,50175,45249,-20577,6414,6132,39977,75089,-33563,-68957,273964,182258,334118,60468,-60154,121790
2017-10-26,391346,26824,338407,50429,52939,-23605,6290,5862,39689,74387,-33399,-68525,284277,185303,351616,62521,-67339,122782
2017-10-27,416789,29499,378375,52009,38414,-22510,5782,5105,39890,74714,-34108,-69609,292349,185754,382863,65407,-90514,120347
2017-10-30,428455,30188,413328,48918,15127,-18730,6017,5626,39006,73078,-32989,-67452,304488,193698,391863,66791,-87375,126907
2017-10-31,444345,36647,432130,47492,12215,-10845,5868,5321,38991,73291,-33123,-67970,309909,194690,407745,70171,-97836,124519
2017-11-01,391674,35506,362280,47407,29394,-11901,5990,5604,38255,72901,-32265,-67297,305838,187536,410093,71434,-104255,116102
2017-11-02,416499,35366,397531,49659,18968,-14293,5859,5308,38261,72726,-32402,-67418,314561,187663,423128,71419,-108567,116244
2017-11-03,424352,38951,439094,50655,-14742,-11704,5786,5151,38531,73346,-32745,-68195,317490,184096,435308,73421,-117818,110675
2017-11-06,443009,42739,458474,53992,-15465,-11253,6028,5668,38236,72608,-32208,-66940,320614,182841,452899,76900,-132285,105941
2017-11-07,463984,45393,466643,51560,-2659,-6167,6047,5736,37863,72155,-31816,-66419,330568,184990,465897,70026,-135329,114964
2017-11-08,417062,45000,407332,51715,9730,-6715,6071,5719,37863,72029,-31792,-66310,323305,176489,459170,68988,-135865,107501
2017-11-09,425357,43306,432718,54270,-7361,-10964,5703,4861,37847,72721,-32144,-67860,333275,175389,475212,74182,-141937,101207
2017-11-10,448916,40778,452592,54205,-3676,-13427,5677,4767,37861,72744,-32184,-67977,343911,183211,488574,77829,-144663,105382
2017-11-13,468609,41248,478038,57159,-9429,-15911,5576,4522,38091,72914,-32515,-68392,351568,182234,497019,75402,-145451,106832
2017-11-14,463519,45188,500328,53833,-36809,-8645,5804,4861,37828,72170,-32024,-67309,364671,194320,512691,94320,-148020,100000
2017-11-15,295716,19105,256600,35045,39116,-15940,5674,4521,39344,73029,-33670,-68508,237173,158572,368161,72484,-130988,86088
2017-11-16,347817,21354,315387,37516,32430,-16162,5652,4545,39342,73133,-33690,-68588,257508,162320,376393,72687,-118885,89633
2017-11-17,378701,21977,337933,39383,40768,-17406,6022,5224,39452,73965,-33430,-68741,281067,169399,379248,61147,-98181,108252
2017-11-20,379292,24184,375681,39773,3611,-15589,5981,5133,40098,75077,-34117,-69944,283570,164460,389306,66608,-105736,97852
2017-11-21,409743,27718,389284,40124,20459,-12406,6061,5365,39376,74320,-33315,-68955,313003,173541,411704,71342,-98701,102199
2017-11-22,363039,30145,340018,40203,23021,-10058,6009,5334,40201,76338,-34192,-71004,321343,179856,424494,71285,-103151,108571
2017-11-23,382693,31866,364286,39655,18407,-7789,6052,5424,39801,76223,-33749,-70799,328882,178647,434492,71065,-105610,107582
2017-11-24,384193,32131,389630,39712,-5437,-7581,6105,5519,41164,78321,-35059,-72802,332549,177508,443713,71581,-111164,105927
2017-11-27,382805,29837,428254,43726,-45449,-13889,5763,4725,42030,79408,-36267,-74683,331666,166814,461357,73820,-129691,92994
2017-11-28,403862,26643,440300,48959,-36438,-22316,5723,4662,42068,79224,-36345,-74562,333083,165712,468992,74115,-135909,91597
2017-11-29,377843,25947,390979,45442,-13136,-19495,5757,4725,41421,78812,-35664,-74087,334294,166385,475230,74210,-140936,92175
2017-11-30,409774,27459,464489,49445,-54715,-21986,6167,4625,41893,78771,-35726,-74146,332214,163423,495890,85572,-163676,77851
2017-12-01,445226,29801,507437,50641,-62211,-20840,6209,4718,41941,78264,-35732,-73546,337208,162341,513715,77641,-176507,84700
2017-12-04,455538,30744,500922,50827,-45384,-20083,6256,4842,41825,78359,-35569,-73517,339596,161360,522077,73931,-182481,87429
2017-12-05,458078,31175,516392,52158,-58314,-20983,6323,4957,42219,78618,-35896,-73661,337967,160350,528727,74476,-190760,85874
2017-12-06,437095,29883,472738,55455,-35643,-25572,6577,5330,42620,79681,-36043,-74351,338890,157962,539615,77038,-200725,80924
2017-12-07,483016,28870,520981,55917,-37965,-27047,6599,5368,42627,78397,-36028,-73029,357425,159540,568669,80140,-211244,79400
2017-12-08,514439,30343,549672,55285,-35233,-24942,6780,5705,42421,77509,-35641,-71804,368456,157785,581978,83479,-213522,74306
2017-12-11,539253,29714,547696,54937,-8443,-25223,6804,5795,43193,75966,-36389,-70171,367651,156338,586892,76478,-219241,79860
2017-12-12,535918,30610,563263,53555,-27345,-22945,6789,5733,43646,76540,-36857,-70807,366326,155628,593679,75679,-227353,79949
2017-12-13,472833,28457,475144,55009,-2311,-26552,6351,5667,43350,75995,-36999,-70328,365951,158335,584782,72330,-218831,86005
2017-12-14,494439,28781,482095,56798,12344,-28017,6517,6062,43203,76237,-36686,-70175,380843,168257,596659,73696,-215816,94561
2017-12-15,484210,34756,522850,51217,-38640,-16461,6240,5485,44159,77907,-37919,-72422,381080,166491,611452,84434,-230372,82057
2017-12-18,497384,36217,517164,52509,-19780,-16292,5976,5111,43630,76877,-37654,-71766,389469,177376,620740,97234,-231271,80142
2017-12-19,519606,31303,541881,53564,-22275,-22261,5873,5045,42476,76376,-36603,-71331,400036,189580,619598,100902,-219562,88678
2017-12-20,225395,17351,252022,36509,-26627,-19158,5931,5027,43988,78107,-38057,-73080,186759,149413,252882,51102,-66123,98311
2017-12-21,279126,16865,309052,37749,-29926,-20884,5927,5016,44255,78622,-38328,-73606,196390,148323,282538,55992,-86148,92331
2017-12-22,305830,18818,343824,39483,-37994,-20665,5982,5145,43664,77658,-37682,-72513,206533,150569,302335,54541,-95802,96028
2017-12-25,324488,18511,370354,41311,-45866,-22800,5911,4994,43719,77721,-37808,-72727,210714,151038,305143,53977,-94429,97061
2017-12-26,343847,18018,389487,43955,-45640,-25937,5731,4575,45856,79669,-40125,-75094,214080,147710,317722,57453,-103642,90257
2017-12-27,303228,18254,305240,45302,-2012,-27048,5806,4766,45393,81010,-39587,-76244,223549,158323,312611,54644,-89062,103679
2017-12-28,336369,22831,356494,47621,-20125,-24790,6102,5430,45165,81251,-39063,-75821,243190,166965,326721,55933,-83531,111032
2017-12-29,364107,26170,391176,46794,-27069,-20624,6150,5566,44009,79261,-37859,-73695,252876,167345,356151,60575,-103275,106770
2018-01-02,419742,37195,398355,51881,21387,-14686,6249,5818,44392,80642,-38143,-74824,266758,176479,382753,60639,-115995,115840
2018-01-03,370930,37679,353118,49466,17812,-11787,6242,5835,42945,81063,-36703,-75228,273150,177330,384219,63175,-111069,114155
2018-01-04,419430,39796,409898,49783,9532,-9987,6080,5557,43270,81113,-37190,-75556,274599,176491,393432,58745,-118833,117746
2018-01-05,449822,40054,439541,51636,10281,-11582,6001,5400,43269,81234,-37268,-75834,276585,174506,401425,55895,-124840,118611
2018-01-08,457837,44326,459087,49695,-1250,-5369,5939,5255,43276,81416,-37337,-76161,284891,177027,412620,62212,-127729,114815
2018-01-09,486698,44126,469067,51300,17631,-7174,6235,5535,43280,81397,-37045,-75862,294965,185788,413551,62498,-118586,123290
2018-01-10,406350,38383,376074,54802,30276,-16419,5889,5267,42276,79970,-36387,-74703,298331,184558,420606,61230,-122275,123328
2018-01-11,433106,38350,429751,52239,3355,-13889,5839,5155,43880,79165,-38041,-74010,306621,186554,436909,65554,-130288,121000
2018-01-12,467577,42637,444142,58825,23435,-16188,6321,5464,43204,77545,-36883,-72081,311483,195953,438079,67843,-126596,128110
2018-01-15,477907,49021,468715,54088,9192,-5067,5794,5205,41850,76018,-36056,-70813,304927,187898,443030,68225,-138103,119673
2018-01-16,491578,50223,455452,56625,36126,-6402,5570,5121,41738,76154,-36168,-71033,312325,197341,451978,82956,-139653,114385
2018-01-17,236404,26609,263619,42566,-27215,-15957,6014,5290,39811,75236,-33797,-69946,228613,177932,241465,56742,-12852,121190
2018-01-18,295689,26204,333614,43310,-37925,-17106,5741,5130,37237,69993,-31496,-64863,238506,177302,272423,64864,-33917,112438
2018-01-19,330469,31089,365034,45324,-34565,-14235,6022,5446,38356,72015,-32334,-66569,251174,184260,286048,68172,-34874,116088
2018-01-22,352765,42395,424724,45594,-71959,-3199,6071,5596,38816,73598,-32745,-68002,245581,171762,311607,72846,-66026,98916
2018-01-23,387966,45942,468381,45652,-80415,290,6158,5733,40978,78483,-34820,-72750,246744,167404,331014,77738,-84270,89666
2018-01-24,307644,35943,368340,43719,-60696,-7776,8028,5524,42751,82726,-34723,-77202,248811,169580,335139,74034,-86328,95546
2018-01-25,380287,37052,413787,47841,-33500,-10789,8182,5876,45269,85901,-37087,-80025,262916,180647,374418,71940,-111502,108707
2018-01-26,407948,34044,457086,48533,-49138,-14489,8281,6141,46849,88330,-38568,-82189,264556,179934,380972,70865,-116416,109069
2018-01-29,445030,40957,501218,48959,-56188,-8002,8062,6000,47748,88537,-39686,-82537,268672,175890,389830,71968,-121158,103922
2018-01-30,469430,35921,530084,52062,-60654,-16141,7969,5723,49282,88789,-41313,-83066,278536,178950,398391,66304,-119855,112646
2018-01-31,375662,31520,416146,50081,-40484,-18561,8017,5765,48587,88794,-40570,-83029,283459,188172,402997,71339,-119538,116833
2018-02-01,417601,35788,451937,51445,-34336,-15657,8045,5877,48504,88366,-40459,-82489,289372,188799,443098,76076,-153726,112723
2018-02-02,457085,39476,496450,52924,-39365,-13448,7936,5617,48648,88327,-40712,-82710,285987,182197,456891,79316,-170904,102881
2018-02-05,471199,39348,525689,52828,-54490,-13480,7941,5544,48078,87410,-40137,-81866,298246,171653,475068,82136,-176822,89517
2018-02-06,611204,49760,597415,75299,13789,-25539,7840,5100,48734,88214,-40894,-83114,395654,164779,466631,74757,-70977,90022
2018-02-07,449422,41101,442207,64601,7215,-23500,7926,5323,47009,85783,-39083,-80460,371688,168950,424918,65254,-53230,103696
2018-02-08,474014,42699,471966,65979,2048,-23280,7890,5312,47035,85813,-39145,-80501,386420,168172,445571,68557,-59151,99615
2018-02-09,487356,48907,501814,66652,-14458,-17745,8064,5459,47172,85764,-39108,-80305,394935,165361,461714,75017,-66779,90344
2018-02-12,538288,47539,533437,62684,4851,-15145,8110,5580,44461,84075,-36351,-78495,413802,170957,495199,80421,-81397,90536
2018-02-21,280427,30107,277546,44463,2881,-14356,5753,5612,42584,81160,-36831,-75548,297088,160796,281575,56545,15513,104251
2018-02-22,305358,30179,313416,44530,-8058,-14351,5289,4595,42496,80490,-37207,-75895,298450,151678,295333,61626,3117,90052
2018-02-23,340824,33353,332479,48078,8345,-14725,5319,4726,41217,78655,-35898,-73929,313453,162142,299383,57591,14070,104551
2018-02-26,350663,33144,358215,46563,-7552,-13419,5375,4864,40700,77809,-35325,-72945,308371,155552,303545,60473,4826,95079
2018-02-27,377093,32491,371306,49371,5787,-16880,5459,5027,40714,77614,-35255,-72587,315081,156963,311889,59118,3192,97845
2018-03-01,326621,32497,325144,49797,1477,-17300,5389,4810,41109,78791,-35720,-73981,318420,156769,314794,58649,3626,98120
2018-03-02,354685,34613,364308,52634,-9623,-18021,5326,4646,41602,79904,-36276,-75258,321102,157487,321471,59261,-369,98226
2018-03-05,380890,35339,396314,53518,-15424,-18179,5276,4523,41907,80218,-36631,-75695,325484,159288,329485,64086,-4001,95202
2018-03-06,411987,40847,405934,55483,6053,-14636,5310,4663,42810,79468,-37500,-74805,330819,167334,332204,62431,-1385,104903
2018-03-07,378530,36430,363696,54219,14834,-17789,5250,4541,42934,78986,-37684,-74445,329091,164693,334021,64939,-4930,99754
2018-03-08,427031,39122,390314,54772,36717,-15650,5280,4657,42696,78455,-37416,-73798,339824,176118,344670,64675,-4846,111443
2018-03-09,432130,38903,399813,55984,32317,-17081,5283,4679,41721,76587,-36438,-71908,341528,173362,352795,63880,-11267,109482
2018-03-12,488030,44958,423722,59948,64308,-14990,5349,4892,40268,74517,-34919,-69625,359202,186990,365020,68710,-5818,118280
2018-03-13,507800,49682,434123,61790,73677,-12108,5336,4897,39469,73266,-34133,-68369,365179,187357,367823,69225,-2644,118132
2018-03-14,412482,45684,386158,58408,26324,-12724,5342,4884,39268,72853,-33926,-67969,356334,179012,369600,68535,-13266,110477
2018-03-15,431610,48327,402253,63227,29357,-14900,5214,4789,39272,72921,-34058,-68132,364844,188622,380788,75934,-15944,112688
2018-03-16,430071,49871,430045,58870,26,-8999,5066,4691,39694,73361,-34628,-68670,356804,177078,394174,81032,-37370,96046
2018-03-19,442448,42612,426165,53473,16283,-10861,5082,4742,40087,74266,-35005,-69524,363326,184153,402088,84218,-38762,99935
2018-03-20,442297,45653,440405,55110,1892,-9457,5022,4610,39999,74077,-34977,-69467,378051,196787,416703,96419,-38652,100368
2018-03-21,223313,28927,227181,44677,-3868,-15750,5002,4598,39147,73874,-34145,-69276,216872,159618,197053,60688,19819,98930
2018-03-22,272795,29025,265512,47077,7283,-18052,5044,4664,40910,75664,-35866,-71000,239256,158885,228206,58125,11050,100760
2018-03-23,329692,32081,335458,51269,-5766,-19188,5131,4406,41555,76590,-36424,-72184,259299,159975,245834,63714,13465,96261
2018-03-26,341246,31673,364913,47122,-23667,-15449,5176,4541,42070,77973,-36894,-73432,259495,166291,250714,60929,8781,105362
2018-03-27,368376,34202,367971,49917,405,-15715,5212,4680,41356,77247,-36144,-72567,263279,165089,267020,61944,-3741,103145
2018-03-28,298107,28779,290995,48418,7112,-19639,5113,4424,39899,77506,-34786,-73082,254728,160563,269633,71342,-14905,89221
2018-03-29,327009,29280,322963,48193,4046,-18913,4953,4383,39971,77760,-35018,-73377,258479,159903,285588,67777,-27109,92126
2018-03-30,354516,29770,325942,51019,28574,-21249,4990,4494,39498,77291,-34508,-72797,273568,167108,294217,60392,-20649,106716
2018-03-31,362361,29105,337071,51467,25290,-22362,4993,4504,40422,77284,-35429,-72780,274721,168042,295448,61205,-20727,106837
