2015-04-14,62939,243809,27645833,553037,123035,289047,32062072,867378,-60096,-45238,-4416239,-314341,4238,100,5136313,88,4735,769,9063202,1085,-497,-669,-3926889,-997,61999,326302,86532189,1100973,70458,281115,90281793,696468,-8459,45187,-3749604,404505
2015-04-15,42402,105396,16484319,416252,93161,162950,23129128,711491,-50759,-57554,-6644809,-295239,3941,100,4181705,44,4868,829,9201624,2171,-927,-729,-5019919,-2127,48629,207191,69400805,981872,62292,189409,77911213,853845,-13663,17782,-8510408,128027
2015-04-16,51807,161276,21327574,507693,95645,209405,20100067,831171,-43838,-48129,1227507,-323478,4122,100,4556237,60,4804,829,9200355,2469,-682,-729,-4644118,-2409,53180,226017,77764700,1138560,53848,200996,62113930,777810,-668,25021,15650770,360750
2015-04-17,49095,177587,17479970,544742,103274,240747,24416840,845100,-54179,-63160,-6936870,-300358,4689,100,4673518,40,4793,829,9129415,1566,-104,-729,-4455897,-1526,47587,244757,67823312,1077005,59512,220610,69574272,856178,-11925,24147,-1750960,220827
2015-04-20,48115,206884,16026692,617480,108083,254208,26921945,879701,-59968,-47324,-10895253,-262221,4994,100,4599856,25,4900,829,9313948,1339,94,-729,-4714092,-1314,51432,252912,72474215,1052934,61289,231251,71974788,895474,-9857,21661,499427,157460
2015-04-21,51368,215454,16426924,626372,111461,268730,28268050,881942,-60093,-53276,-11841126,-255570,4976,180,4560649,66,4946,829,9385821,1080,30,-649,-4825172,-1014,51614,263100,71776823,1061121,65975,245400,82382428,917343,-14361,17700,-10605605,143778
2015-04-22,56102,175030,19203463,601073,109426,220810,25982416,854935,-53324,-45780,-6778953,-253862,5078,100,4785156,50,4695,829,8970970,2002,383,-729,-4185814,-1952,55061,291721,77597665,1196970,57269,245761,66855407,856449,-2208,45960,10742258,340521
2015-04-23,73939,249113,35769505,966395,117736,311862,28336849,1507556,-43797,-62749,7432656,-541161,5292,200,5318040,670,4290,779,8384948,4135,1002,-579,-3066908,-3465,65985,320266,93604848,2110375,58340,264713,71613558,950704,7645,55553,21991290,1159671
2015-04-24,81113,298433,41296984,1272468,128450,368367,32227904,2140143,-47337,-69934,9069080,-867675,5703,250,5943696,1058,3958,789,7783889,5712,1745,-539,-1840193,-4654,72126,331637,97060776,2697044,65537,277590,86830810,1160806,6589,54047,10229966,1536238
2015-04-27,87542,352510,45918349,1526210,134663,407930,32812747,2717252,-47121,-55420,13105602,-1191042,5584,200,5798215,1220,3807,839,7568425,7644,1777,-639,-1770210,-6424,80605,347741,112108182,3398695,68035,290855,93540554,1364143,12570,56886,18567628,2034552
2015-04-28,86893,383555,44401029,1422898,141790,428197,33614133,2558094,-54897,-44642,10786896,-1135196,5583,250,5788903,1046,3827,899,7580387,6944,1756,-649,-1791484,-5898,83861,354706,111055697,3091235,72717,308992,100325417,1329756,11144,45714,10730280,1761479
2015-04-29,77757,256239,31307207,991571,140694,304274,30712763,1877529,-62937,-48035,594444,-885958,5424,250,5448074,640,3973,949,7787397,4125,1451,-699,-2339323,-3485,92466,348457,123899387,2470525,79156,312825,110585791,1197057,13310,35632,13313596,1273468
2015-04-30,78179,283357,31687677,1011111,144576,342988,32208599,1864437,-66397,-59631,-520922,-853326,5309,250,5211823,538,4085,949,7986219,4025,1224,-699,-2774396,-3487,95520,349349,125540520,2317144,84171,324244,118030103,1195641,11349,25105,7510417,1121503
2015-05-04,81281,301342,35044932,965616,147924,383460,33396910,1846477,-66643,-82118,1648022,-880861,5342,250,5291490,460,4088,949,8004254,3469,1254,-699,-2712764,-3009,96450,354070,124291458,2244201,86774,336189,120951623,1134878,9676,17881,3339835,1109323
2015-05-05,80788,308240,33302318,938789,147932,391783,33894166,1727558,-67144,-83543,-591848,-788769,5540,250,5321836,305,4133,949,8058764,3079,1407,-699,-2736928,-2774,94685,355710,121327754,2034487,89856,338647,124499232,1096077,4829,17063,-3171478,938410
2015-05-06,83749,267896,35089617,887447,153095,324866,36313250,1661655,-69346,-56970,-1223633,-774208,5685,250,5277500,265,3958,949,7730098,3585,1727,-699,-2452598,-3320,96979,350159,124534258,1991191,94798,337382,131111557,1077767,2181,12777,-6577299,913424
2015-05-07,82147,281464,34603424,938087,158379,346408,42033117,1600631,-76232,-64944,-7429693,-662544,5459,250,4770965,104,4030,949,7793045,3339,1429,-699,-3022080,-3235,85919,360624,110017278,1736091,98300,356356,133455963,1155800,-12381,4268,-23438685,580291
2015-05-08,83870,301262,33499357,968206,160397,363001,41648712,1565092,-76527,-61739,-8149355,-596886,5344,250,4356035,60,4085,949,7880887,3236,1259,-699,-3524852,-3176,86203,370482,109126274,1651907,102298,363670,139213321,1168629,-16095,6812,-30087047,483278
2015-05-11,90378,299012,39173757,927596,168566,389921,45184215,1538902,-78188,-90909,-6010458,-611306,5388,250,4465146,56,4116,949,7928723,3083,1272,-699,-3463577,-3027,89176,374215,110491072,1621515,107908,376373,148901434,1153616,-18732,-2158,-38410362,467899
2015-05-12,88786,308186,36356408,974023,168343,409342,41900180,1573979,-79557,-101156,-5543772,-599956,5564,250,4357947,47,4599,949,8861488,3096,965,-699,-4503541,-3049,93081,373944,117955791,1602507,113068,388064,157614496,1179002,-19987,-14120,-39658705,423505
2015-05-13,88469,281436,35454891,884371,160843,332387,40557520,1473185,-72374,-50951,-5102629,-588814,5589,250,4418400,27,4613,949,8931837,2512,976,-699,-4513437,-2485,93373,370137,123980798,1601760,114766,385280,160529821,1101736,-21393,-15143,-36549023,500024
2015-05-14,90646,264794,37739431,992282,161167,380630,41853308,1590117,-70521,-115836,-4113877,-597835,5572,250,4291006,10,4903,949,9372684,2800,669,-699,-5081678,-2790,82700,379850,110275150,1521254,118327,400162,163607834,1371906,-35627,-20312,-53332684,149348
2015-05-15,93222,270347,38649078,1059159,160605,397897,42963249,1578229,-67383,-127550,-4314171,-519070,5549,250,4212843,7,4933,949,9401008,2982,616,-699,-5188165,-2975,78454,383700,103972888,1539089,109948,403335,147775884,1447368,-31494,-19635,-43802996,91721
2015-05-18,92991,273736,38192704,1022323,156212,416956,40674616,1532585,-63221,-143220,-2481912,-510262,5593,250,4373048,5,4679,949,8938358,2457,914,-699,-4565310,-2452,77569,402960,104338607,1530613,109653,424512,147505446,1345238,-32084,-21552,-43166839,185375
2015-05-19,94596,300215,36464248,973433,148064,405045,37384090,1492486,-53468,-104830,-919842,-519053,5842,250,4899905,4,4256,929,8242346,1207,1586,-679,-3342441,-1203,85412,416843,121487784,1660725,112308,440567,153976317,1245409,-26896,-23724,-32488533,415316
2015-05-20,58274,124388,23575054,543245,105447,200830,20252846,1079871,-47173,-76442,3322208,-536626,5771,0,4781754,0,3913,827,7555863,2738,1858,-827,-2774109,-2738,54857,277830,74838496,1454647,85453,272806,112073294,1087862,-30596,5024,-37234798,366785
2015-05-21,64702,161737,26376769,684098,114415,252456,23702736,1157028,-49713,-90719,2674033,-472930,5741,0,4625550,0,4125,827,7855148,3056,1616,-827,-3229598,-3056,51192,288686,70935635,1351202,88142,284081,112627301,1288838,-36950,4605,-41691666,62364
2015-05-22,69740,191090,28337215,653823,115762,269451,22458345,1104691,-46022,-78361,5878870,-450868,5904,100,4969028,198,4119,1027,7914374,2250,1785,-927,-2945346,-2052,52725,297192,74563512,1342722,84019,286783,105302091,1117391,-31294,10409,-30738579,225331
2015-05-25,71488,197027,28844258,652411,117956,288256,22951994,1097253,-46468,-91229,5892264,-444842,5913,100,4979047,185,4116,1027,7912124,1992,1797,-927,-2933077,-1807,53147,302781,75670652,1321491,81847,298576,100764418,1081302,-28700,4205,-25093766,240189
2015-05-26,74395,226122,29023396,681274,120983,300208,24020786,1143007,-46588,-74086,5002610,-461733,5985,100,5146260,216,3842,1027,7405775,1783,2143,-927,-2259515,-1567,53165,308736,74090260,1353350,80636,304281,99269946,1059796,-27471,4455,-25179686,293554
2015-05-27,73503,180751,23585283,684480,119705,243016,24136887,1096299,-46202,-62265,-551604,-411819,5985,100,5148462,216,3935,1029,7587637,2756,2050,-929,-2439175,-2540,56681,299359,80546961,1346504,78883,302786,95115120,1071809,-22202,-3427,-14568159,274695
2015-05-28,78204,202129,26577953,701053,121429,285454,24324471,1173462,-43225,-83325,2253482,-472409,5977,70,5148056,163,3717,1029,7214226,2714,2260,-959,-2066170,-2551,59197,304145,86956512,1398463,78483,309688,94945016,1002213,-19286,-5543,-7988504,396250
2015-05-29,77791,234339,26566944,738431,125409,330077,24750484,1244491,-47618,-95738,1816460,-506060,5948,70,5063628,145,3778,1029,7311379,2434,2170,-959,-2247751,-2289,58417,311857,84639844,1411122,82613,324053,102371877,1059585,-24196,-12196,-17732033,351537
2015-06-01,80011,239294,28933698,785705,133107,386825,27656980,1296281,-53096,-147531,1276718,-510576,5868,100,4722810,125,3979,1029,7638287,2144,1889,-929,-2915477,-2019,57112,318314,80150795,1334172,87297,337735,108995117,1138801,-30185,-19421,-28844322,195371
2015-06-02,79824,251697,25880433,806413,134605,381820,28561050,1230205,-54781,-130123,-2680617,-423792,5855,100,4695555,83,4153,1029,7958360,1864,1702,-929,-3262805,-1781,57434,322777,81542401,1288324,83713,337993,102199238,1150156,-26279,-15216,-20656837,138168
2015-06-03,76221,193693,25742561,718229,131623,312713,26797789,1165161,-55402,-119020,-1055228,-446932,5883,100,4666671,44,4202,1029,8004000,2309,1681,-929,-3337329,-2265,47303,316849,63140821,1231794,87148,328806,105540719,1187638,-39845,-11957,-42399898,44156
2015-06-04,77171,230392,27897355,1142731,135757,377970,30653650,1542992,-58586,-147578,-2756295,-400261,5698,200,4219503,475,4821,1100,8958903,3593,877,-900,-4739400,-3118,44172,323266,55092582,1375676,91092,346301,110015158,1844780,-46920,-23035,-54922576,-469104
2015-06-05,77083,262569,26787405,1148638,135926,409607,31731683,1484913,-58843,-147038,-4944278,-336275,5762,200,4373689,443,4719,1100,8766058,3461,1043,-900,-4392369,-3018,47563,332800,62332157,1392184,91221,356735,108708251,1835430,-43658,-23935,-46376094,-443246
2015-06-08,79715,280074,28241256,1061886,135676,438338,30245754,1383230,-55961,-158264,-2004498,-321344,5809,200,4483934,320,4587,1100,8555687,2633,1222,-900,-4071753,-2313,48079,340506,63623945,1331137,92824,363256,111007342,1655814,-44745,-22750,-47383397,-324677
2015-06-09,77345,305488,25912884,1347980,141428,468725,35087931,1590512,-64083,-163237,-9175047,-242532,5745,1220,4342554,968,4809,1100,8859530,4927,936,120,-4516976,-3959,52084,342068,69396105,1479581,91397,365869,109643355,2079519,-39313,-23801,-40247250,-599938
2015-06-10,76713,246810,26265901,1103315,137684,356962,34637902,1309971,-60971,-110152,-8372001,-206656,5596,1410,4426746,1342,4422,500,8187339,918,1174,910,-3760593,424,53298,344511,72949922,1435181,93534,371655,114086839,1893998,-40236,-27144,-41136917,-458817
2015-06-11,76412,256919,26076819,1080665,135984,390047,31737143,1321801,-59572,-133128,-5660324,-241136,5535,1410,4291617,1084,4444,500,8229382,834,1091,910,-3937765,250,52501,349010,72649462,1424653,94091,383813,115351671,1880489,-41590,-34803,-42702209,-455836
2015-06-12,79244,277910,29396464,1114058,139645,410623,35721406,1328311,-60401,-132713,-6324942,-214253,5603,1410,4394435,855,4491,500,8273464,809,1112,910,-3879029,46,56303,353673,79559689,1419147,95532,386742,117258270,1912863,-39229,-33069,-37698581,-493716
2015-06-15,76475,286551,25790872,1146819,137573,417447,33702554,1330070,-61098,-130896,-7911682,-183251,5611,1410,4378394,761,4529,500,8244642,834,1082,910,-3866248,-73,54377,356991,75804912,1445371,91225,392138,109821156,1997621,-36848,-35147,-34016244,-552250
2015-06-16,75683,287694,25807090,1273324,139548,440264,35219900,1422550,-63865,-152570,-9412810,-149226,5649,1410,4402021,728,4861,600,8759203,1230,788,810,-4357182,-502,55012,356330,76701683,1486796,90808,401419,109146135,2147864,-35796,-45089,-32444452,-661068
2015-06-17,44413,96720,18763751,608528,100914,168582,22161760,770205,-56501,-71862,-3398009,-161677,5753,50,4538959,163,4771,300,8276625,277,982,-250,-3737666,-114,27586,154128,41340277,727801,54758,153514,65665082,1189073,-27172,614,-24324805,-461272
2015-06-18,49405,133788,20688092,659790,107507,209853,22781043,814914,-58102,-76065,-2092951,-155124,5787,50,4611902,153,5009,100,8700545,240,778,-50,-4088643,-87,29333,164940,44537506,751697,55596,167769,65962059,1221809,-26263,-2829,-21424553,-470112
2015-06-22,53132,162735,22185874,659668,109929,216987,23163807,780184,-56797,-54252,-977933,-120516,5973,100,4936388,150,4957,101,8258668,100,1016,-1,-3322280,50,34429,175107,52742998,727889,55207,175243,67104880,1081259,-20778,-136,-14361882,-353370
2015-06-23,54157,175444,23787871,644678,112323,228136,23428364,781829,-58166,-52692,359507,-137151,5962,80,5154799,97,5426,130,8399493,114,536,-50,-3244694,-17,34601,185395,53597018,730660,56597,184109,69461576,1000656,-21996,1286,-15864558,-269996
2015-06-24,52820,123130,21025492,566294,112759,185610,23562521,639603,-59939,-62480,-2537029,-73309,5947,152,5128446,518,5266,202,8121705,610,681,-50,-2993259,-92,36397,179211,56667090,728498,51870,184287,61136864,987060,-15473,-5076,-4469774,-258562
2015-06-25,54810,174619,21252717,693322,113845,214411,25577524,745118,-59035,-39792,-4324807,-51796,6048,202,5367740,1159,5069,432,7838416,1606,979,-230,-2470676,-447,40753,191301,63910261,828161,52369,191071,64043663,961789,-11616,230,-133402,-133628
2015-06-26,57141,189978,22895664,712299,117083,247970,25241000,809796,-59942,-57992,-2345336,-97497,6649,202,6377609,1178,4938,432,7563410,1578,1711,-230,-1185801,-400,39415,193929,60702636,820538,54581,197180,67624257,983335,-15166,-3251,-6921621,-162797
2015-06-29,57584,192575,22736926,819995,122333,261847,28706109,917514,-64749,-69272,-5969183,-97519,6913,302,6630119,1592,5334,572,7883454,1940,1579,-270,-1253335,-348,37696,198714,56243725,828323,54147,204988,65116545,1269909,-16451,-6274,-8872820,-441586
2015-06-30,57717,200961,21627530,740139,122373,263197,29150528,787764,-64656,-62236,-7522998,-47625,7066,302,6990620,1472,4880,572,7859228,1676,2186,-270,-868608,-204,41416,202058,62373077,804626,51380,208030,61367635,1128163,-9964,-5972,1005442,-323537
2015-07-01,58257,162850,21700562,700435,118623,208588,26020264,728044,-60366,-45738,-4319702,-27609,7034,272,7258930,1420,5104,572,7754846,1648,1930,-300,-495916,-228,43288,197249,66352406,826504,50205,208566,58564989,1058940,-6917,-11317,7787417,-232436
2015-07-02,60516,192283,23990117,728599,120181,257180,25324915,820515,-59665,-64897,-1334798,-91916,7365,272,7579039,1363,5073,572,7669495,1575,2292,-300,-90456,-212,41325,202095,63000969,839836,52257,219354,60803484,1089433,-10932,-17259,2197485,-249597
2015-07-03,62313,213273,24548001,772515,124439,280154,26591767,875225,-62126,-66881,-2043766,-102710,7396,292,7627880,1418,5073,572,7681715,1571,2323,-280,-53835,-153,42705,207389,65100513,865572,51053,228319,60653314,1090226,-8348,-20930,4447199,-224654
2015-07-06,63575,228528,23974716,814056,129074,308956,29208211,918352,-65499,-80428,-5233495,-104296,6793,292,7332557,1387,5206,672,7831745,1809,1587,-380,-499188,-422,42185,208184,63585848,834287,53032,232111,62983116,1203672,-10847,-23927,602732,-369385
2015-07-07,62229,239087,22233524,784413,133518,301181,32899048,808675,-71289,-62094,-10665524,-24262,6709,292,7225503,1261,5118,672,7711936,1545,1591,-380,-486433,-284,46198,212440,68779544,812588,51185,237908,62217554,1107754,-4987,-25468,6561990,-295166
2015-07-08,58043,179377,21974096,1016586,137853,296050,32305475,1064798,-79810,-116673,-10331379,-48212,6639,310,6734356,1997,5671,780,8428771,2678,968,-470,-1694415,-681,42834,220267,58924868,1032550,60095,255542,75480852,1830421,-17261,-35275,-16555984,-797871
2015-07-09,59698,223985,23404641,1272806,137322,352660,32377783,1258877,-77624,-128675,-8973142,13929,6652,450,6741388,3026,6189,680,8919665,2514,463,-230,-2178277,512,42043,239447,56439622,1167838,59499,267020,73779064,2078455,-17456,-27573,-17339442,-910617
2015-07-13,66306,228799,32854317,970418,129012,360666,31198631,996244,-62706,-131867,1655686,-25826,6759,450,7043324,2078,5701,680,8467631,1438,1058,-230,-1424307,640,45706,246968,65323383,1051958,61010,276501,75975585,1655580,-15304,-29533,-10652202,-603622
2015-07-14,64682,244783,28428317,955092,124229,371127,27990950,940971,-59547,-126344,437367,14121,6874,450,7244305,1948,5604,680,8258405,1295,1270,-230,-1014100,653,51538,255915,74624026,1024770,64474,282900,78288066,1620357,-12936,-26985,-3664040,-595587
2015-07-15,40203,97833,15461451,537241,90198,142066,18267955,620507,-49995,-44233,-2806504,-83266,7001,360,7682762,1586,5700,340,8213421,1307,1301,20,-530659,279,36197,175488,53309105,778123,46575,171383,56459752,1079494,-10378,4105,-3150647,-301371
2015-07-16,45744,127290,17308477,541192,97149,174702,20091331,636112,-51405,-47412,-2782854,-94920,7094,460,7887279,1930,5249,540,7442246,2010,1845,-80,445033,-80,34781,181732,49837057,765607,48241,177539,59057809,1024747,-13460,4193,-9220752,-259140
2015-07-17,48149,151758,18573607,577433,100774,199345,20741059,674237,-52625,-47587,-2167452,-96804,7030,460,7789857,1889,5234,540,7420785,1979,1796,-80,369072,-90,36620,185679,52627224,765301,46692,185953,56680139,1033046,-10072,-274,-4052915,-267745
2015-07-20,42326,174184,16528883,673699,101353,226611,21134178,738778,-59027,-52427,-4605295,-65079,4500,560,6926631,3532,4158,540,7101885,1924,342,20,-175254,1608,37113,189118,50678071,756513,47816,188259,59696488,1084604,-10703,859,-9018417,-328091
2015-07-21,44218,187356,17539073,635581,104131,237683,21233521,719896,-59913,-50327,-3694448,-84315,4513,560,7017285,3164,4242,540,7321242,1855,271,20,-303957,1309,38559,190609,51935492,740393,42905,188544,53018700,972083,-4346,2065,-1083208,-231690
2015-07-22,38663,134544,13776088,657246,108936,198457,23363728,706726,-70273,-63913,-9587640,-49480,4589,560,7033183,3581,4210,540,7161287,1855,379,20,-128104,1726,34906,186193,44497461,747001,48863,192640,61464876,1117337,-13957,-6447,-16967415,-370336
2015-07-23,52185,170626,19745922,747920,128335,270153,28093126,830582,-76150,-99527,-8347204,-82662,7341,560,7905086,3769,5674,590,8065429,1885,1667,-30,-160343,1884,33894,194264,40908862,770517,51411,211629,64688813,1225967,-17517,-17365,-23779951,-455450
2015-07-24,53801,186705,19725810,821661,130733,292004,28313789,876532,-76932,-105299,-8587979,-54871,7422,560,7787790,4146,5853,590,8311689,1983,1569,-30,-523899,2163,35201,198943,41072043,801416,50961,221517,63781431,1333148,-15760,-22574,-22709388,-531732
2015-07-27,56325,217377,20888645,1160767,138334,353346,32371231,1149047,-82009,-135969,-11482586,11720,7413,560,7362928,5555,6186,690,8661210,2994,1227,-130,-1298282,2561,38539,205542,43925432,955135,49488,236430,60044569,1733681,-10949,-30888,-16119137,-778546
2015-07-28,57247,240347,22009036,1149601,141612,381551,34483301,1124040,-84365,-141204,-12474265,25561,7628,560,7449562,5322,5735,590,7913885,2491,1893,-30,-464323,2831,38720,211668,42586935,970536,51594,250230,63874297,1731731,-12874,-38562,-21287362,-761195
2015-07-29,56541,183918,22418893,1088984,132605,294629,32360275,1074163,-76064,-110711,-9941382,14821,7884,560,7656899,5870,5732,590,7872161,2757,2152,-30,-215262,3113,39168,212171,42457667,1028150,53248,249584,66302082,1856690,-14080,-37413,-23844415,-828540
2015-07-30,59212,212797,22726595,929873,126949,290968,31292064,870793,-67737,-78171,-8565469,59080,7989,560,7612133,4525,5516,590,7599542,2079,2473,-30,12591,2446,41382,223065,47565713,917164,50534,253379,62029657,1516545,-9152,-30314,-14463944,-599381
2015-07-31,60918,219653,22641150,958908,124467,313209,28620856,925993,-63549,-93556,-5979706,32915,8223,960,7694858,6697,5336,590,7285011,2195,2887,370,409847,4502,36760,223084,44820114,929864,55300,254786,67240940,1588210,-18540,-31702,-22420826,-658346
2015-08-03,61070,233939,20380187,1158296,125782,324112,29181312,1041329,-64712,-90173,-8801125,116967,8329,960,7461495,7012,5348,590,7221281,2796,2981,370,240214,4216,40717,228626,50469661,1045232,55611,259772,66344416,1946156,-14894,-31146,-15874755,-900924
2015-08-04,61030,255017,18261636,1217685,134354,331153,33881241,1048170,-73324,-76136,-15619605,169515,8393,920,7391405,6787,5347,690,7241278,2963,3046,230,150127,3824,43977,233121,50812078,1044505,52081,261251,62208467,1920374,-8104,-28130,-11396389,-875869
2015-08-05,63064,208977,20542418,1083242,134466,294543,32543786,965445,-71402,-85566,-12001368,117797,8630,1000,7511093,7240,5233,690,7055437,2531,3397,310,455656,4709,42731,230634,48569900,998180,51197,264577,60732768,1756617,-8466,-33943,-12162868,-758437
2015-08-06,64941,247873,19550673,1360700,135907,344718,33953741,1164479,-70966,-96845,-14403068,196221,8809,1000,7410497,7224,5296,690,7056281,3383,3513,310,354216,3841,43769,238124,48527650,1137962,56312,274912,68215951,2168915,-12543,-36788,-19688301,-1030953
2015-08-07,66852,274929,20358602,1411935,136362,377219,35308428,1172499,-69510,-102290,-14949826,239436,8975,970,7722801,6917,5480,690,7375182,3304,3495,280,347619,3613,45182,241440,51766055,1141864,52849,274787,62218077,2151326,-7667,-33347,-10452022,-1009462
2015-08-10,69826,283405,24325731,1289052,138657,392025,35153816,1088962,-68831,-108620,-10828085,200090,9017,970,7916993,6512,5457,690,7397631,2767,3560,280,519362,3745,45109,244106,51279648,1075383,53457,278079,63870343,1939981,-8348,-33973,-12590695,-864598
2015-08-11,70625,308807,22410643,1580890,142509,401683,38362722,1199928,-71884,-92876,-15952079,380962,8991,970,7827307,6852,5012,660,6619665,3261,3979,310,1207642,3591,48463,255744,56150894,1203114,54314,290619,64216149,2273413,-5851,-34875,-8065255,-1070299
2015-08-12,68571,259914,21780659,1638864,144779,347046,41403640,1217808,-76208,-87132,-19622981,421056,9046,970,7764577,7251,5033,665,6593454,3757,4013,305,1171123,3494,48428,258274,53071503,1280181,45488,291757,55048364,2476615,2940,-33483,-1976861,-1196434
2015-08-13,70360,283729,24588133,1572790,143093,402456,39390822,1234803,-72733,-118727,-14802689,337987,9050,970,7815043,7143,4954,550,6464991,3224,4096,420,1350052,3919,45258,268274,46733133,1286910,46446,294203,56407062,2425766,-1188,-25929,-9673929,-1138856
2015-08-14,71922,308508,24393609,1516645,145682,420507,42788279,1152953,-73760,-111999,-18394670,363692,9105,975,7930776,6795,4944,561,6452212,3041,4161,414,1478564,3754,44834,275147,44856432,1243593,40869,300704,48891534,2322152,3965,-25557,-4035102,-1078559
2015-08-17,71821,301662,23421864,1710451,142025,439037,41090245,1286135,-70204,-137375,-17668381,424316,9079,975,7801161,7799,4913,561,6340457,3688,4166,414,1460704,4111,46355,278067,47245821,1360104,46260,301287,55877319,2648715,95,-23220,-8631498,-1288611
2015-08-18,72399,300067,22773530,1902771,139406,456736,39685500,1418464,-67007,-156669,-16911970,484307,9040,975,7592431,8676,5018,561,6434343,4260,4022,414,1158088,4416,50991,289433,55178490,1504850,49025,307307,59178360,2924508,1966,-17874,-3999870,-1419658
2015-08-19,44781,142684,14374854,1346861,100449,185742,27078262,903895,-55668,-43058,-12703408,442966,9056,250,7365975,4797,5120,392,6704690,1130,3936,-142,661285,3667,36713,189441,41043131,1242775,38253,188031,44076863,2433300,-1540,1410,-3033732,-1190525
2015-08-20,49889,199422,15444421,1450137,103318,235451,28302256,952984,-53429,-36029,-12857835,497153,9123,254,7415689,4689,5227,400,6806018,1050,3896,-146,609671,3639,41627,205734,49036038,1295894,38681,205870,44638433,2436398,2946,-136,4397605,-1140504
2015-08-21,55379,238478,14933915,2237658,111830,283518,33650868,1315288,-56451,-45040,-18716953,922370,9101,270,7192752,5953,5571,600,7158470,1466,3530,-330,34282,4487,46966,215428,54469163,1672258,38820,231689,43471954,3287887,8146,-16261,10997209,-1615629
2015-08-24,71541,316118,20312536,5041126,123162,342234,42950395,2569850,-51621,-26116,-22637859,2471276,9427,394,7199222,10178,6115,695,7556750,3797,3312,-301,-357528,6381,60323,226007,70685608,2931920,34166,241209,34483832,5660243,26157,-15202,36201776,-2728323
2015-08-25,74353,333503,21834540,3781257,121128,368689,43220374,1847866,-46775,-35186,-21385834,1933391,9446,418,7411852,8326,5640,695,7052176,2827,3806,-277,359676,5499,60588,248584,75391240,2381579,36587,254169,36304379,4448403,24001,-5585,39086861,-2066824
2015-08-26,68429,264019,17964436,3320492,114377,246927,39560354,1492697,-45948,17092,-21595918,1827795,9242,256,7133273,6085,5537,583,6916348,1939,3705,-327,216925,4146,58100,242478,73822007,2223143,40594,245454,37464322,4152818,17506,-2976,36357685,-1929675
2015-08-27,74301,287094,21160318,3082085,117411,268353,40438329,1385201,-43110,18741,-19278011,1696884,9286,202,7360352,5600,5485,332,6924858,1129,3801,-130,435494,4471,56869,246293,73800861,2054079,44395,256351,39628430,3817332,12474,-10058,34172431,-1763253
2015-08-28,80628,334685,22579379,3028244,119436,280399,44053696,1434459,-38808,54286,-21474317,1593785,9324,230,7596507,5188,5546,348,7181479,1176,3778,-118,415028,4012,58425,255165,78974441,1841209,46233,266325,37569566,3281195,12192,-11160,41404875,-1439986
2015-08-31,91664,363571,27968235,3081273,125385,304323,45488582,1588380,-33721,59248,-17520347,1492893,9464,260,8114563,5214,5710,348,7527223,1333,3754,-88,587340,3881,54439,256510,73819237,1786489,50015,272668,41881149,3111655,4424,-16158,31938088,-1325166
2015-09-01,93687,382581,28082486,3219934,126863,320782,45811049,1582113,-33176,61799,-17728563,1637821,9499,276,8100712,5338,6352,798,8092177,2206,3147,-522,8535,3132,51925,255673,68869168,1938124,51513,280201,39667973,3518890,412,-24528,29201195,-1580766
2015-09-02,90773,308444,27111130,2912282,125494,261829,45126423,1400552,-34721,46615,-18015293,1511730,9486,200,8173997,4858,7052,800,8896775,1555,2434,-600,-722778,3303,53792,250380,71426892,1793227,44044,272338,33241025,3196887,9748,-21958,38185867,-1403660
2015-09-03,96063,323535,29913606,2755139,121399,293575,43082249,1363955,-25336,29960,-13168643,1391184,9503,246,8240714,4871,7135,826,9104644,1296,2368,-580,-863930,3575,52757,254637,70641977,1700390,48705,281700,38555368,3034462,4052,-27063,32086609,-1334072
2015-09-04,99533,363025,29219430,2913993,125753,307582,46921498,1397135,-26220,55443,-17702068,1516858,9410,292,7997066,5363,7506,840,9523334,1330,1904,-548,-1526268,4033,53648,261449,71437399,1793324,47086,296233,34994132,3289234,6562,-34784,36443267,-1495910
2015-09-07,101773,389514,31173626,2740630,127638,337470,48206830,1332560,-25865,52044,-17033204,1408070,9299,338,7884132,5172,7741,840,9952576,895,1558,-502,-2068444,4277,53760,265575,71603779,1688708,44494,300031,33912762,3068346,9266,-34456,37691017,-1379638
2015-09-08,105818,404285,33813610,2589550,128680,358974,48924568,1283268,-22862,45311,-15110958,1306282,9240,362,7887912,5014,7635,840,9863576,687,1605,-478,-1975664,4327,55096,268207,74551373,1591725,45797,307873,36274947,2878775,9299,-39666,38276426,-1287050
2015-09-09,101880,325969,37188313,2688902,127304,286356,49717068,1548925,-25424,39613,-12528755,1139977,9211,200,8141106,3849,6724,800,9537170,856,2487,-600,-1396064,2993,57020,258351,78933913,1549662,41695,310829,38206048,2326688,15325,-52478,40727865,-777026
2015-09-10,97813,327275,36191270,2557123,125706,316838,44428328,1565909,-27893,10437,-8237058,991214,9217,216,8080707,3999,6699,860,9417260,755,2518,-644,-1336553,3244,52080,262758,70091876,1531273,47525,335016,47887298,2436922,4555,-72258,22204578,-905649
2015-09-11,98673,350945,36114161,2554042,125935,326271,42731423,1532347,-27262,24674,-6617262,1021695,9291,268,8196134,4215,6692,992,9404791,770,2599,-724,-1208657,3445,50903,263689,68419772,1498702,47112,342941,47060076,2417736,3791,-79252,21359696,-919034
2015-09-14,101075,370718,37161735,2529332,123230,356933,38938734,1554789,-22155,13785,-1776999,974543,8995,306,7990171,4288,6812,1000,9423679,708,2183,-694,-1433508,3580,59318,271451,82490823,1495975,58098,350541,64624115,2399734,1220,-79090,17866708,-903759
2015-09-15,99010,383389,34212854,2483310,125499,348075,40531252,1428499,-26489,35314,-6318398,1054811,8923,466,7792346,6261,7044,1182,9750778,2556,1879,-716,-1958432,3705,60627,276479,83681558,1485824,59752,351241,67997142,2422796,875,-74762,15684416,-936972
2015-09-16,51928,141904,15034189,1175360,65951,105652,23405607,578151,-14023,36252,-8371418,597209,8795,228,7842753,2403,6765,370,9631005,2152,2030,-142,-1788252,251,41217,135971,59905576,958492,26354,116530,30922958,1385191,14863,19441,28982618,-426699
2015-09-17,56610,187347,15997119,1276272,75042,141273,27040950,688712,-18432,46074,-11043831,587560,9052,272,8340616,2741,6876,352,9993461,2430,2176,-80,-1652845,311,44554,151502,64329060,940484,24242,128782,29224746,1234815,20312,22720,35104314,-294331
2015-09-18,59699,192277,18058729,1103358,77073,160928,26282100,648509,-17374,31349,-8223371,454849,9098,380,8402926,2898,7142,570,10442619,2759,1956,-190,-2039693,139,42472,151551,60616468,809175,25840,138810,30907633,1126357,16632,12741,29708835,-317182
2015-09-21,59875,226580,17553969,1198074,80333,194776,27134710,711006,-20458,31804,-9580741,487068,9045,388,8104883,2553,7450,608,10756225,2131,1595,-220,-2651342,422,42020,157829,59284278,850674,29412,149855,33496053,1334020,12608,7974,25788225,-483346
2015-09-22,60462,248333,19061422,1156568,80918,204529,27256157,688913,-20456,43804,-8194735,467655,9253,412,8551883,2563,7588,618,11064328,2054,1665,-206,-2512445,509,43573,164083,62268990,823664,27025,156632,29638690,1231420,16548,7451,32630300,-407756
2015-09-23,54077,208036,16121439,1253816,79712,163519,28403080,711500,-25635,44517,-12281641,542316,9141,346,8191277,2100,8092,576,11638305,1921,1049,-230,-3447028,179,43501,162478,60823693,912837,29600,146786,31727981,1467354,13901,15692,29095712,-554517
2015-09-24,56200,247530,16703721,1405513,81045,208212,28627724,836344,-24845,39318,-11924003,569169,8988,380,7897958,2233,8450,590,12145947,1911,538,-210,-4247989,322,43989,171991,61318423,979684,28590,164981,29691206,1580214,15399,7010,31627217,-600530
2015-09-25,58368,272568,18261336,1403218,82303,231415,28866410,878935,-23935,41153,-10605074,524283,8876,440,7746449,2542,9042,604,13112628,1871,-166,-164,-5366179,671,44388,175309,61821437,966408,26377,178762,27247750,1549426,18011,-3453,34573687,-583018
2015-09-30,56749,229224,18429660,1311943,83325,198567,28997586,773882,-26576,30657,-10567926,538061,8897,334,7751371,1861,9166,564,13335906,1776,-269,-230,-5584535,85,47553,174336,66483633,965384,26297,175783,28364902,1555175,21256,-1447,38118731,-589791
2015-10-01,62060,262311,22949710,1285737,86945,225838,31296795,847958,-24885,36473,-8347085,437779,8955,368,8003702,2201,8875,528,13129524,1837,80,-160,-5125822,364,48071,182886,68163706,933212,25807,189380,28254915,1307631,22264,-6494,39908791,-374419
2015-10-02,60743,271142,21705538,1263575,89538,229506,31634691,816089,-28795,41636,-9929153,447486,8833,420,7785440,2261,8953,550,13216896,1743,-120,-130,-5431456,518,44630,184654,62652259,917586,25749,198383,28280991,1322831,18881,-13729,34371268,-405245
2015-10-05,64512,284490,24914455,1170540,90872,232898,31091272,804479,-26360,51592,-6176817,366061,8773,458,7747197,2380,8953,598,13303818,1667,-180,-140,-5556621,713,44176,188184,60723905,864732,26043,207753,28646742,1204682,18133,-19569,32077163,-339950
2015-10-06,66242,324982,24776057,1195085,91729,243274,30933856,821914,-25487,81708,-6157799,373171,8779,478,7799026,2598,9047,562,13524730,1672,-268,-84,-5725704,926,44686,193201,62196250,860092,26038,220850,28377677,1164491,18648,-27649,33818573,-304399
2015-10-07,67585,261846,25981190,1132325,91227,201261,31188817,751127,-23642,60585,-5207627,381198,8925,376,8179756,2585,9118,609,13837975,1753,-193,-233,-5658219,832,50000,188281,70224740,875570,25348,211532,27326450,1053620,24652,-23251,42898290,-178050
2015-10-08,65801,284776,23565464,1140187,94034,224681,31244327,744840,-28233,60095,-7678863,395347,9033,494,8285047,3065,9399,640,14226780,1885,-366,-146,-5941733,1180,48001,192153,66857396,820406,24893,228005,26823430,1095316,23108,-35852,40033966,-274910
2015-10-12,71466,326766,28393041,1229092,97996,238583,34836227,826178,-26530,88183,-6443186,402914,8983,542,8249153,3507,9659,652,14844877,2472,-676,-110,-6595724,1035,50959,200999,71960947,887804,25007,237579,27548246,1021407,25952,-36580,44412701,-133603
2015-10-13,72838,330963,27952256,1189583,101862,254113,34858352,831731,-29024,76850,-6906096,357852,9070,601,8398256,3744,9826,696,15081609,2636,-756,-95,-6683353,1108,48929,197838,68530307,858539,25000,240400,27404621,1008623,23929,-42562,41125686,-150084
2015-10-14,68646,287013,24353530,1101310,101134,207280,33363930,724532,-32488,79733,-9010400,376778,9032,426,8291918,2984,9964,619,15249966,2280,-932,-193,-6958048,704,48899,189505,68543009,755264,25950,226729,28168191,999915,22949,-37224,40374818,-244651
2015-10-15,69006,318783,24258468,1213422,102685,218631,34918638,815208,-33679,100152,-10660170,398214,9058,496,8428563,3731,9908,662,15311491,2954,-850,-166,-6882928,777,52208,202523,74102684,847022,27053,237588,31557668,989681,25155,-35065,42545016,-142659
2015-10-16,69933,324265,25409039,1176999,102642,237812,33638002,836341,-32709,86453,-8228963,340658,9002,543,8293613,3884,9909,745,15309649,3268,-907,-202,-7016036,616,50265,206821,70418365,840007,28260,241042,33706483,981847,22005,-34221,36711882,-141840
2015-10-19,71357,348035,28215842,1189413,102404,274849,32321042,886976,-31047,73186,-4105200,302437,9085,555,8380603,3940,10007,793,15544978,3436,-922,-238,-7164375,504,55496,208567,77925336,851097,32024,242754,40967401,967573,23472,-34187,36957935,-116476
2015-10-20,69420,359558,26415699,1191608,102475,262888,31694735,885243,-33055,96670,-5279036,306365,8384,583,8124351,4295,10277,821,16078242,3729,-1893,-238,-7953891,566,59510,214894,84042371,879698,34217,244821,45960820,959892,25293,-29927,38081551,-80194
2015-10-21,37221,103078,11033724,626857,69254,91501,22082711,306172,-32033,11577,-11048987,320685,8317,198,8027980,1267,10583,186,16503566,1161,-2266,12,-8475586,106,42635,148347,64384398,643712,21526,124191,30131477,818390,21109,24156,34252921,-174678
2015-10-22,39413,134120,11758168,678912,75530,112282,24232003,323244,-36117,21838,-12473835,355668,8355,296,8099316,1788,10747,267,16768028,1448,-2392,29,-8668712,340,47001,153373,69858946,649274,19014,128487,25782418,820099,27987,24886,44076528,-170825
2015-10-23,43060,155071,14297112,682389,79601,133966,24757474,395913,-36541,21105,-10460362,286476,6983,367,5784253,2000,10738,302,16952314,1675,-3755,65,-11168061,325,46322,155443,68298836,657712,20045,135531,27630971,763975,26277,19912,40667865,-106263
2015-10-26,45193,169011,15753065,696751,80806,148224,23974952,411277,-35613,20787,-8221887,285474,7037,415,5886444,2132,10631,314,16837757,1774,-3594,101,-10951313,358,48559,162347,71366780,662737,20695,143082,28509245,743183,27864,19265,42857535,-80446
2015-10-27,46505,186260,17437186,690430,85501,175846,25283737,440657,-38996,10414,-7846551,249773,7059,442,5866677,1850,10756,336,16986353,1481,-3697,106,-11119676,369,47766,167957,69436417,646462,22973,152323,31774864,767406,24793,15634,37661553,-120944
2015-10-28,44944,140347,16524083,645724,87288,140488,25577425,404034,-42344,-141,-9053342,241690,6909,246,5611451,1434,10794,234,16917352,1250,-3885,12,-11305901,184,44859,169777,64639168,634980,24295,145617,32605785,803854,20564,24160,32033383,-168874
2015-10-29,49228,168010,18512755,723522,87572,175856,26619886,470285,-38344,-7846,-8107131,253237,6933,246,5607012,1408,10987,234,17072774,1087,-4054,12,-11465762,321,45830,181141,67379482,625275,27540,161908,34875104,873942,18290,19233,32504378,-248667
2015-10-30,47976,176526,16326809,709470,87357,186625,25710955,457866,-39381,-10099,-9384146,251604,6872,303,5515864,1555,11104,249,17318667,1043,-4232,54,-11802803,512,49384,186947,72240091,630305,26681,174859,34262176,847426,22703,12088,37977915,-217121
2015-11-02,49691,197098,18114176,734786,88977,206999,25929784,491159,-39286,-9901,-7815608,243627,6895,351,5549654,1676,11491,255,17510740,1067,-4596,96,-11961086,609,51582,188122,73728162,642923,26494,176393,34110664,841378,25088,11729,39617498,-198455
2015-11-03,51695,229927,19066395,780572,91689,213669,27727262,499403,-39994,16258,-8660867,281169,6964,366,5742499,2232,11343,273,17514703,1336,-4379,93,-11772204,896,54323,191178,78507058,701807,24911,184253,31115919,780953,29412,6925,47391139,-79146
2015-11-04,54051,181745,22737729,839836,92403,173609,27055326,633821,-38352,8136,-4317597,206015,7003,276,5850262,2252,10981,249,17749280,1998,-3978,27,-11899018,254,56313,183491,79704946,922502,27064,184198,36189730,851283,29249,-707,43515216,71219
2015-11-05,52885,205415,21611310,877511,94858,210920,26203584,706206,-41973,-5505,-4592274,171305,7021,331,5880256,2487,11079,287,17912734,2023,-4058,44,-12032478,464,54093,185751,75229771,941484,27548,193477,37217433,892996,26545,-7726,38012338,48488
2015-11-06,57563,257152,24260102,1055309,102959,273555,30299164,902688,-45396,-16403,-6039062,152621,6829,346,5472515,2504,11463,338,18225611,1546,-4634,8,-12753096,958,49620,198703,69870004,830320,32453,200640,43061609,955695,17167,-1937,26808395,-125375
2015-11-09,58455,266547,25984551,963371,103974,298940,31375074,813614,-45519,-32393,-5390523,149757,6708,382,5240396,2441,11663,362,18449355,1230,-4955,20,-13208959,1211,49323,202452,68759729,788712,31844,202466,41260715,970382,17479,-14,27499014,-181670
2015-11-10,61917,288156,29341861,1129035,110502,343668,34940821,998025,-48585,-55512,-5598960,131010,6557,394,4926692,2757,12020,389,18811531,1337,-5463,5,-13884839,1420,47529,210737,64687193,822838,31450,205648,40372789,1063471,16079,5089,24314404,-240633
2015-11-11,61632,205368,30112838,1058660,109893,249505,34481968,967436,-48261,-44137,-4369130,91224,6542,229,4764969,1197,12304,356,18982437,1645,-5762,-127,-14217468,-448,47724,210971,64307340,927155,34406,209618,43394909,1298950,13318,1353,20912431,-371795
2015-11-12,62404,206602,31588554,922861,104937,277417,31357394,873272,-42533,-70815,231160,49589,6581,252,4718665,898,12424,406,19374437,1564,-5843,-154,-14655772,-666,49143,215365,66661901,859272,32502,215421,39914074,1141019,16641,-56,26747827,-281747
2015-11-13,60699,214328,29327325,1085129,109833,288508,34836811,944644,-49134,-74180,-5509486,140485,6460,275,4610496,1149,12441,465,19132158,1912,-5981,-190,-14521662,-763,50797,219439,67426714,928408,35421,227144,44657694,1282732,15376,-7705,22769020,-354324
2015-11-16,61415,205567,32413642,1103012,111969,308650,36489058,956501,-50554,-103083,-4075416,146511,6510,287,4598177,1421,12677,513,18994414,2295,-6167,-226,-14396237,-874,54468,222627,70077502,945200,32957,225954,40909796,1341442,21511,-3327,29167706,-396242
2015-11-17,61584,229031,31381545,920984,108503,300365,33444318,717419,-46919,-71334,-2062773,203565,6500,395,4726005,1384,12305,621,18694368,1920,-5805,-226,-13968363,-536,59253,222493,79681759,840245,37385,228507,48296799,1109801,21868,-6014,31384960,-269556
2015-11-18,36693,100402,11297594,661447,64198,109667,18763126,385283,-27505,-9265,-7465532,276164,6427,158,4614995,1225,12415,158,18541271,1273,-5988,0,-13926276,-48,41114,167081,58591905,847559,25596,151959,31462566,1143202,15518,15122,27129339,-295643
2015-11-19,43317,133117,15020338,652554,65876,141320,18419060,421734,-22559,-8203,-3398722,230820,6762,198,5108559,1232,12102,176,18384037,1222,-5340,22,-13275478,10,43282,171271,61775215,767040,22745,160031,27548665,1009699,20537,11240,34226550,-242659
2015-11-20,44620,152486,15872341,666254,69174,164366,19465457,467877,-24554,-11880,-3593116,198377,6704,269,5169071,1493,12076,211,18326105,1207,-5372,58,-13157034,286,42899,176339,59790530,777712,24759,164335,29802852,1015341,18140,12004,29987678,-237629
2015-11-23,48479,179039,18633846,682272,72546,190802,20363513,488237,-24067,-11763,-1729667,194035,6744,317,5240791,1611,12054,223,18350495,1204,-5310,94,-13109704,407,45860,180055,62794705,746077,27609,167736,32177089,968951,18251,12319,30617616,-222874
2015-11-24,48367,209925,17956842,762728,77271,207617,25093730,479119,-28904,2308,-7136888,283609,6731,356,5145479,1427,12249,223,18527926,1009,-5518,133,-13382447,418,46949,188193,63167443,782217,27596,172707,31513793,1028708,19353,15486,31653650,-246491
2015-11-25,46662,156888,15761916,717307,74969,155198,22377731,444209,-28307,1690,-6615815,273098,6602,208,4980318,1226,12346,181,18650382,998,-5744,27,-13670064,228,46988,186141,63030457,782747,26544,173526,29179878,1030283,20444,12615,33850579,-247536
2015-11-26,50665,183722,18131525,710353,79396,179851,23717336,476465,-28731,3871,-5585811,233888,6583,296,4987071,1667,11705,257,18226852,1304,-5122,39,-13239781,363,49670,193555,66899083,752926,21631,185130,24537586,938049,28039,8425,42361497,-185123
2015-11-27,49070,202815,16208856,794308,83118,215514,25252244,564035,-34048,-12699,-9043388,230273,6849,328,5366028,1892,12063,265,18438034,1295,-5214,63,-13072006,597,46816,195087,62315781,808896,26164,196034,29487032,1053938,20652,-947,32828749,-245042
2015-11-30,54218,222061,23015864,924306,89208,260730,27870625,717998,-34990,-38669,-4854761,206308,6882,376,5229135,2268,12200,277,18608658,1464,-5318,99,-13379523,804,46246,207663,60102139,928712,30304,197189,35560602,1185900,15942,10474,24541537,-257188
2015-12-01,57558,248240,23389036,885070,92152,266348,28460304,655405,-34594,-18108,-5071268,229665,6917,415,5262646,2212,11920,277,18372800,1150,-5003,138,-13110154,1062,52432,206372,68628830,838721,24525,200334,28763691,989472,27907,6038,39865139,-150751
2015-12-02,53119,179628,21803292,736372,88071,200008,26743332,569574,-34952,-20380,-4940040,166798,6881,276,5225587,1610,11909,269,18230120,1334,-5028,7,-13004533,276,52682,206501,68554005,827542,26194,192490,30445868,984156,26488,14011,38108137,-156614
2015-12-03,56333,211644,22892420,776292,90649,234612,27100355,655285,-34316,-22968,-4207935,121007,7049,311,5324542,1748,11985,287,18216366,1391,-4936,24,-12891824,357,54436,210809,71851239,833596,26875,199493,32142253,981995,27561,11316,39708986,-148399
2015-12-04,57080,217515,22773788,770136,93172,261584,27372901,668651,-36092,-44069,-4599113,101485,7041,353,5184562,1867,12176,317,18218069,1266,-5135,36,-13033507,601,52918,213628,68335250,833251,28528,212762,33394983,1042961,24390,866,34940267,-209710
2015-12-07,59106,228871,22699890,729765,95189,247013,28151397,536833,-36083,-18142,-5451507,192932,7200,401,5329307,1736,12051,329,18029337,1062,-4851,72,-12700030,674,53808,219389,70317786,772498,29569,218199,35050921,950872,24239,1190,35266865,-178374
2015-12-08,57541,234703,23318652,803423,98150,273497,29985953,599747,-40609,-38794,-6667301,203676,7303,429,5236183,1724,12660,334,18415969,1072,-5357,95,-13179786,652,50678,223111,64174395,892113,36843,233190,43920325,1156057,13835,-10079,20254070,-263944
2015-12-09,54383,192849,22763008,831042,97145,236055,29406987,646629,-42762,-43206,-6643979,184413,7377,230,5097507,1287,12977,241,18589835,1432,-5600,-11,-13492328,-145,49230,218094,60510619,997552,37349,231311,43846456,1276598,11881,-13217,16664163,-279046
2015-12-10,56081,209416,24338127,906194,97198,275228,28318555,729650,-41117,-65812,-3980428,176544,7772,254,5616235,1489,12950,256,18541426,1522,-5178,-2,-12925191,-33,52791,223813,65461035,1052746,40490,237681,47823903,1350096,12301,-13868,17637132,-297350
2015-12-11,58459,215216,24964625,1075432,97002,283410,31314372,841526,-38543,-68194,-6349747,233906,7617,297,5321154,2267,13151,271,18513104,1950,-5534,26,-13191950,317,56470,232939,71656693,1239580,43108,250533,48272550,1590967,13362,-17594,23384143,-351387
2015-12-14,58404,235395,22526962,1127949,99136,300872,32195597,848310,-40732,-65477,-9668635,279639,7565,369,5274487,2826,12989,355,18094859,2600,-5424,14,-12820372,226,58571,238794,73461486,1288549,35642,253291,40321746,1613043,22929,-14497,33139740,-324494
2015-12-15,58093,243664,23695480,1089946,97924,310132,31652860,843797,-39831,-66468,-7957380,246149,7640,381,5422715,2790,12740,355,17513944,2531,-5100,26,-12091229,259,62982,240483,80335624,1262351,42380,253194,51425244,1583841,20602,-12711,28910380,-321490
2015-12-16,37075,89016,15200856,439015,65948,84144,20634517,355279,-28873,4872,-5433661,83736,7652,130,5515485,1189,12545,136,17334597,1037,-4893,-6,-11819112,152,46298,106681,60366197,600360,22775,93400,27819900,674601,23523,13281,32546297,-74241
2015-12-17,41382,121448,18287114,463723,70249,122660,21405442,392979,-28867,-1212,-3118328,70744,8172,271,6330222,2143,12566,255,17360289,1946,-4394,16,-11030067,197,47088,113308,60508480,530577,21787,98958,26382207,542364,25301,14350,34126273,-11787
2015-12-18,44145,143738,19161404,520402,76895,155374,23434146,444016,-32750,-11636,-4272742,76386,8163,299,6409326,2131,12696,309,17273300,1886,-4533,-10,-10863974,245,46429,126948,58208785,624956,23780,107100,27773819,618780,22649,19848,30434966,6176
2015-12-21,46474,162053,20488675,539747,80752,172676,22961627,496857,-34278,-10623,-2472952,42890,8255,347,6409496,2185,12657,345,17513765,1992,-4402,2,-11104269,193,49814,129108,62206879,607122,24585,110799,28691230,592455,25229,18309,33515649,14667
2015-12-22,48839,180432,22363517,543314,83986,192081,24078990,505822,-35147,-11649,-1715473,37492,8212,371,6397984,2123,12561,375,17347785,1901,-4349,-4,-10949801,222,48167,131803,60518118,611098,25461,113220,29046771,594440,22706,18583,31471347,16658
2015-12-23,47574,131247,20278970,480749,82908,124920,24742410,381370,-35334,6327,-4463440,99379,8124,253,6387177,1869,12410,241,17089081,1642,-4286,12,-10701904,227,50796,134096,64440029,588139,24352,107677,26897533,562037,26444,26419,37542496,26102
2015-12-24,49568,160048,19849928,568782,86027,147103,26977207,423228,-36459,12945,-7127279,145554,8116,332,6412791,2234,12436,293,17180102,1770,-4320,39,-10767311,464,52222,141349,66423320,609093,23464,114718,25467116,577140,28758,26631,40956204,31953
2015-12-25,50108,172628,20523500,583790,86930,157776,26842461,433603,-36822,14852,-6318961,150187,8153,403,6472734,2518,12259,334,17043471,1987,-4106,69,-10570737,531,54106,142775,68276107,597301,20959,116848,23015804,554315,33147,25927,45260303,42986
2015-12-28,49828,180815,19255172,580300,89648,166957,28196815,434405,-39820,13858,-8941643,145895,8181,403,6517128,2354,12359,334,17000766,1827,-4178,69,-10483638,527,53059,143755,66380059,600525,21147,119890,22817680,560962,31912,23865,43562379,39563
2015-12-29,52040,186713,21077384,589768,94383,184466,29555018,465840,-42343,2247,-8477634,123928,8129,415,6390206,2133,12472,352,17129199,1525,-4343,63,-10738993,608,50402,145185,60827076,614339,24373,122649,27849757,587261,26029,22536,32977319,27078
2015-12-30,50616,146853,20299503,531577,94167,144716,29049666,428010,-43551,2137,-8750163,103567,8070,226,6263555,1632,12628,232,17299996,1552,-4558,-6,-11036441,80,48422,147264,57764800,637471,27139,120998,30788595,602031,21283,26266,26976205,35440
2015-12-31,49694,188782,18927037,647753,96358,164523,29888516,458278,-46664,24259,-10961479,189475,7835,285,5857127,1906,12490,264,17210688,1659,-4655,21,-11353561,247,52291,154276,62695442,665923,24643,131835,28016076,619961,27648,22441,34679366,45962
2016-01-04,57206,198832,22983465,823214,98276,189757,31973904,605042,-41070,9075,-8990439,218172,7838,345,5742246,2403,13002,264,17501817,1329,-5164,81,-11759571,1074,53425,156232,65917301,798939,35988,139388,36212383,818929,17437,16844,29704918,-19990
2016-01-05,57259,229324,21487583,984670,101708,220558,34943660,688920,-44449,8766,-13456077,295750,7577,381,5305394,2585,13295,264,17739583,1336,-5718,117,-12434189,1249,55355,156992,67180819,839122,31735,145077,29361412,873255,23620,11915,37819407,-34133
2016-01-06,56566,191640,21936290,823502,96727,185259,32755696,625498,-40161,6381,-10819406,198004,7322,203,5027022,1450,13541,258,18170404,1443,-6219,-55,-13143382,7,54899,161123,65836568,875981,34946,138676,32764432,882997,19953,22447,33072136,-7016
2016-01-07,60686,223231,22902714,1092692,99393,220011,32462329,923479,-38707,3220,-9559615,169213,7646,242,5418779,1993,13733,282,18132199,1835,-6087,-40,-12713420,158,54606,169383,63523617,1126501,36211,159593,34837150,1211070,18395,9790,28686467,-84569
2016-01-08,61967,246106,24900319,1038833,100908,241308,32750601,855659,-38941,4798,-7850282,183174,7739,293,5771712,1981,13138,297,17340795,1618,-5399,-4,-11569083,363,55196,193071,64484377,1118810,38017,183782,37784363,1151073,17179,9289,26700014,-32263
2016-01-11,63354,259107,24032944,1272903,103317,252879,33205599,1073791,-39963,6228,-9172655,199112,7810,293,5747377,2264,13084,297,16966523,2051,-5274,-4,-11219146,213,59194,181182,68537051,1275877,40016,169894,38175041,1337433,19178,11288,30362010,-61556
2016-01-12,68924,296088,24401017,1353007,105182,275363,35992577,1123659,-36258,20725,-11591560,229348,7702,293,5600835,2326,13265,317,16799615,2173,-5563,-24,-11198780,153,62110,195002,71759476,1369057,42648,172626,39384650,1372714,19462,22376,32374826,-3657
2016-01-13,68453,258782,25673733,1226293,103167,222793,35631380,949352,-34714,35989,-9957647,276941,7783,191,5745366,1708,13153,278,16621637,1827,-5370,-87,-10876271,-119,63666,204179,75219719,1244830,42030,167841,38101181,1204533,21636,36338,37118538,40297
2016-01-14,66215,324772,24410651,1516635,106317,291781,39430426,1188259,-40102,32991,-15019775,328376,7853,208,5663555,2020,13475,315,16965324,2318,-5622,-107,-11301769,-298,65956,220165,77646924,1424823,42508,175898,40445673,1355264,23448,44267,37201251,69559
2016-01-15,71280,330892,26444716,1522302,101569,310634,36771730,1183862,-30289,20258,-10327014,338440,7819,288,5706395,2364,13429,387,16766480,2646,-5610,-99,-11060085,-282,66055,238932,77460222,1535379,50807,182884,41563770,1421982,15248,56048,35896452,113397
2016-01-18,69548,326234,29269621,1144616,101969,322896,34721773,977527,-32421,3338,-5452152,167089,7984,298,5893709,1796,13188,419,16689207,1693,-5204,-121,-10795498,103,72980,235951,85757569,1197720,49852,191241,45530686,1088306,23128,44710,40226883,109414
2016-01-19,72137,319436,33678857,1033824,103797,340642,33700846,930752,-31660,-21206,-21989,103072,8109,490,6308489,3419,13108,626,16546029,2971,-4999,-136,-10237540,448,70939,234831,84203742,1096428,57447,202955,57271770,1027295,13492,31876,26931972,69133
2016-01-20,49100,129767,16408535,767863,64093,109345,21770808,567395,-14993,20422,-5362273,200468,8185,318,6224344,2592,13395,367,16318287,3105,-5210,-49,-10093943,-513,49952,127654,60583506,1051912,44300,106341,36898609,977440,5652,21313,23684897,74472
2016-01-21,55614,192272,17527612,891558,67123,156572,23326781,666528,-11509,35700,-5799169,225030,8158,361,6166338,2687,13429,386,16427555,2896,-5271,-25,-10261217,-209,55105,139058,66404391,1035491,43789,123084,32335472,975437,11316,15974,34068919,60054
2016-01-22,59470,212124,19376580,799914,68710,194710,24076306,642351,-9240,17414,-4699726,157563,8186,395,6257609,2727,13143,378,16364094,2308,-4957,17,-10106485,419,58104,148212,71544925,861799,44244,134804,34529667,797090,13860,13408,37015258,64709
2016-01-25,60889,235434,20734488,766791,71150,203390,23832457,636269,-10261,32044,-3097969,130522,8077,427,6220338,2874,12667,393,15748958,2017,-4590,34,-9528620,857,61139,164287,73521542,775965,45157,144620,35885930,696183,15982,19667,37635612,79782
2016-01-26,64991,227716,22360880,734872,73986,223585,24107073,636350,-8995,4131,-1746193,98522,8150,464,6255637,2643,13034,393,16128639,1850,-4884,71,-9873002,793,59659,167428,71084399,809083,46836,150562,34365001,746900,12823,16866,36719398,62183
2016-01-27,65451,177709,21724168,647788,74608,145585,26338678,482028,-9157,32124,-4614510,165760,8208,360,6236494,2108,12851,394,16063716,1787,-4643,-34,-9827222,321,63036,155970,76125420,745310,46646,138105,34141877,686490,16390,17865,41983543,58820
2016-01-28,65797,190204,22125723,632054,78425,182653,25325024,535164,-12628,7551,-3199301,96890,8203,401,6250287,2208,12666,426,15809737,1765,-4463,-25,-9559450,443,68412,159887,81415343,726297,43980,150722,32900374,659907,24432,9165,48514969,66390
2016-01-29,68233,221347,23536381,767250,84323,200683,26086396,673671,-16090,20664,-2550015,93579,8510,447,6732122,3402,12456,450,15862917,2765,-3946,-3,-9130795,637,73126,174337,87247684,748586,42610,168745,36039769,585755,30516,5592,51207915,162831
2016-01-30,67991,257667,24103572,957495,88804,216713,30440319,797728,-20813,40954,-6336747,159767,8297,447,6780243,4274,12047,450,15400335,3532,-3750,-3,-8620092,742,72958,175528,87566523,822729,43132,167901,37235686,557141,29826,7627,50330837,265588
2016-02-01,68825,273685,26312068,912824,89239,248340,27781729,830001,-20414,25345,-1469661,82823,8262,397,6668082,3686,12076,450,15323473,3293,-3814,-53,-8655391,393,66738,172505,78455209,760548,44654,173605,39676436,569805,22084,-1100,38778773,190743
2016-02-02,68536,292374,25343740,879290,90560,253229,28053306,801245,-22024,39145,-2709566,78045,8202,397,6544640,3429,12121,2650,15261463,4658,-3919,-2253,-8716823,-1229,66830,174871,77400712,745107,44422,181050,38233247,585143,22408,-6179,39167465,159964
2016-02-03,62374,203848,21194203,728183,83077,189117,24289002,673560,-20703,14731,-3094799,54623,7866,284,5984145,2485,12421,4033,15505963,6284,-4555,-3749,-9521818,-3799,66154,176561,78095566,710693,46323,183431,39042387,643171,19831,-6870,39053179,67522
2016-02-15,62804,188980,22398300,607265,84837,183239,24740118,572100,-22033,5741,-2341818,35165,7748,240,5712474,2083,12768,3990,16081199,2213,-5020,-3750,-10368725,-130,76130,176189,89324028,641570,49587,183776,44029138,558290,26543,-7587,45294890,83280
2016-02-16,66736,240066,27529385,741353,92283,202559,30891971,675029,-25547,37507,-3362586,66324,8074,336,6055063,3808,12964,4086,16779868,3726,-4890,-3750,-10724805,82,81347,184843,96940898,681771,47382,191501,45870847,507257,33965,-6658,51070051,174514
2016-02-17,43608,116824,14081692,405554,63268,86427,21301219,347443,-19660,30397,-7219527,58111,7943,144,6276895,1141,13540,194,17631776,1375,-5597,-50,-11354881,-234,59825,118682,77349898,493847,30071,80250,25000362,342436,29754,38432,52349536,151411
2016-02-18,47584,159381,16458240,501632,68453,126720,22828156,439455,-20869,32661,-6369916,62177,8061,144,6548442,1184,14044,194,18421892,1408,-5983,-50,-11873450,-224,58967,124330,77473212,541065,29512,91390,25611427,352471,29455,32940,51861785,188594
2016-02-19,49961,186381,17178477,532876,73805,155518,24318000,461104,-23844,30863,-7139523,71772,8076,204,6396316,1123,14104,394,18875820,1388,-6028,-190,-12479504,-265,63211,137586,81848940,583099,28361,110887,24333263,397200,34850,26699,57515677,185899
2016-02-22,51922,191555,19382283,492811,74284,181667,22509940,507936,-22362,9888,-3127657,-15125,7994,144,6456150,1015,14259,394,19324370,1278,-6265,-250,-12868220,-263,58925,141988,75225874,567149,29337,117004,25907863,393773,29588,24984,49318011,173376
2016-02-23,55611,212653,21965794,502990,76959,184733,23666836,504777,-21348,27920,-1701042,-1787,8115,244,6545079,1064,14446,1168,19685639,1422,-6331,-924,-13140560,-358,63817,144649,80802224,559060,30396,124201,26366925,398312,33421,20448,54435299,160748
2016-02-24,53393,167107,18679528,510873,78465,121429,26064819,437635,-25072,45678,-7385291,73238,8182,244,6723452,1000,15773,1168,20909256,1312,-7591,-924,-14185804,-312,63816,146135,81255732,546914,30739,135198,25230600,475976,33077,10937,56025132,70938
2016-02-25,54996,219739,18783175,660300,82402,141231,29230641,467533,-27406,78508,-10447466,192767,8510,244,6701109,1095,15352,1168,21243678,1484,-6842,-924,-14542569,-389,70420,152151,91022639,588628,29585,146743,23947332,469781,40835,5408,67075307,118847
2016-02-26,56270,226945,19740407,653090,81995,164441,27710415,535063,-25725,62504,-7970008,118027,8163,434,6611242,2793,15818,1298,21696857,3262,-7655,-864,-15085615,-469,67936,159678,86893566,625866,31711,161221,26237223,491699,36225,-1543,60656343,134167
2016-03-01,59699,257694,22761140,685893,84695,170885,28065601,576985,-24996,86809,-5304461,108908,8395,596,6667237,4725,15781,1460,22093377,5425,-7386,-864,-15426140,-700,71605,171061,91376848,666131,30868,168391,26052249,506705,40737,2670,65324599,159426
2016-03-02,58941,197537,22559294,637037,83427,137865,26856918,541560,-24486,59672,-4297624,95477,8445,596,6883041,4919,16195,1460,22778942,5685,-7750,-864,-15895901,-766,67354,163134,87717847,729597,32356,159611,29776285,523864,34998,3523,57941562,205733
2016-03-03,63736,228839,26070442,698441,86301,165345,28067178,633691,-22565,63494,-1996736,64750,8358,740,6703653,6431,16750,1464,23916797,7316,-8392,-724,-17213144,-885,70702,167143,91988023,784547,31727,163391,28741815,559824,38975,3752,63246208,224723
2016-03-04,66609,239505,28004037,722105,90166,179686,29478267,687978,-23557,59819,-1474230,34127,8411,740,6852414,6487,17216,1102,24824511,7340,-8805,-362,-17972097,-853,71267,172829,93011214,827234,31630,177829,29135651,610115,39637,-5000,63875563,217119
2016-03-07,68345,253097,28292324,721842,91609,197947,29394667,721855,-23264,55150,-1102343,-13,8260,740,6620852,6500,17789,1102,25813402,7364,-9529,-362,-19192550,-864,74678,173393,96933448,822305,35927,183674,33057875,616795,38751,-10281,63875573,205510
2016-03-08,71455,262072,29365712,757774,92155,207907,28844220,761968,-20700,54165,521492,-4194,8161,640,6471582,6450,18969,1002,27771450,7232,-10808,-362,-21299868,-782,79010,179100,103308487,858283,37418,195665,33681661,665930,41592,-16565,69626826,192353
2016-03-09,65878,214657,25906196,688317,88797,175233,25771118,725597,-22919,39424,135078,-37280,8075,640,6316103,6339,19757,1002,29133094,7233,-11682,-362,-22816991,-894,79738,175434,104900197,847813,36474,193811,32706951,649914,43264,-18377,72193246,197899
2016-03-10,65977,245840,26575285,739304,92850,185003,29411479,719445,-26873,60837,-2836194,19859,8045,640,6251227,6363,19821,1002,29319057,7307,-11776,-362,-23067830,-944,79506,178640,102353982,875530,34529,212987,29386633,672507,44977,-34347,72967349,203023
2016-03-11,68086,268403,29911683,810662,95800,209434,29077291,822830,-27714,58969,834392,-12168,8138,640,6327701,6607,20457,1002,30711374,7687,-12319,-362,-24383673,-1080,82289,183373,103720983,981912,33686,225869,28516231,718669,48603,-42496,75204752,263243
2016-03-14,68197,280840,30467850,855757,97463,219801,29725687,876745,-29266,61039,742163,-20988,8124,1068,6477605,7472,20395,1378,30572840,9026,-12271,-310,-24095235,-1554,80729,190272,103957087,1057480,38963,227736,38675414,774632,41766,-37464,65281673,282848
2016-03-15,70874,302137,31327556,780670,97475,251367,33136518,785675,-26601,50770,-1808962,-5005,8264,1068,6546087,5616,22171,1378,32458156,7863,-13907,-310,-25912069,-2247,81405,202193,106888499,827722,43109,233710,42636669,683255,38296,-31517,64251830,144467
2016-03-16,42172,121469,16746225,459597,66286,83999,26671270,307562,-24114,37470,-9925045,152035,7979,1024,5869832,4700,22694,1184,33547741,6212,-14715,-160,-27677909,-1512,70351,76438,97715788,433144,25996,73009,22365671,349362,44355,3429,75350117,83782
2016-03-17,46461,143565,18887842,525486,68628,120573,26362433,382576,-22167,22992,-7474591,142910,7910,1184,5751605,5050,24079,1184,36037531,6288,-16169,0,-30285926,-1238,69761,86001,98709386,488207,28481,85388,24640450,416710,41280,613,74068936,71497
2016-03-18,50440,161539,21333968,565161,72019,147109,27487119,457744,-21579,14430,-6153151,107417,7878,1284,5673780,6200,24079,1284,36578418,7147,-16201,0,-30904638,-947,71921,91380,100198425,529723,31044,92703,25378545,411741,40877,-1323,74819880,117982
2016-03-21,55657,164275,23305820,530178,72921,165483,26594663,469510,-17264,-1208,-3288843,60668,7896,1284,5493480,5718,24472,1284,37085720,6837,-16576,0,-31592240,-1119,71919,91300,100765588,504784,36141,96815,28757344,409704,35778,-5515,72008244,95080
2016-03-22,59809,187520,24461149,607645,78540,184150,29635888,502356,-18731,3370,-5174739,105289,8136,1284,5496689,5593,25098,1284,38177306,6633,-16962,0,-32680617,-1040,75842,93450,109011683,510147,35132,101161,27376446,409893,40710,-7711,81635237,100254
2016-03-23,54357,144670,20289511,555624,76847,130323,29059867,435914,-22490,14347,-8770356,119710,8204,1284,5284953,5043,25635,1284,38951331,6429,-17431,0,-33666378,-1386,75424,93112,108096930,490395,34538,96716,25985045,416158,40886,-3604,82111885,74237
2016-03-24,58394,169474,22759713,615539,81257,177332,30054175,532041,-22863,-7858,-7294462,83498,8345,1284,5192576,5032,25803,1284,39273721,6312,-17458,0,-34081145,-1280,76748,96692,108077733,499468,31597,108847,23490575,435273,45151,-12155,84587158,64195
2016-03-25,59833,191481,23483727,626619,83466,208633,30128743,568170,-23633,-17152,-6645016,58449,8038,824,5201967,4793,26193,824,39873812,6052,-18155,0,-34671845,-1259,76047,98387,106688649,502888,32064,111379,24223304,447102,43983,-12992,82465345,55786
2016-03-28,60401,223167,22990813,657037,83076,230297,30908963,584913,-22675,-7130,-7918150,72124,8100,824,5138295,4484,26512,824,40350453,5941,-18412,0,-35212158,-1457,75320,100477,105992407,496657,32050,117128,24863619,456818,43270,-16651,81128788,39839
2016-03-29,61682,224974,23180246,701505,86256,244061,34842353,598782,-24574,-19087,-11662107,102723,8356,824,5296718,3475,27112,824,41076540,5588,-18756,0,-35779822,-2113,76620,105194,107103423,491305,35053,128789,29574962,512585,41567,-23595,77528461,-21280
2016-03-30,61624,191617,23565809,665896,83987,161195,32843540,500486,-22363,30422,-9277731,165410,8493,824,5495857,4882,27082,824,41909894,6028,-18589,0,-36414037,-1146,87630,106530,123046628,526078,30374,123121,24800813,448235,57256,-16591,98245815,77843
2016-03-31,61917,214974,23313345,651884,87828,197983,33476628,533061,-25911,16991,-10163283,118823,8204,824,4953878,4551,28414,824,43746303,5853,-20210,0,-38792425,-1302,82127,112218,114324534,525598,31025,139217,26238849,456490,51102,-26999,88085685,69108
2016-04-01,63637,209083,24404822,624474,88883,212845,33026189,554270,-25246,-3762,-8621367,70204,8180,824,4824297,3461,28712,824,43869091,5311,-20532,0,-39044794,-1850,80439,111650,111193882,493141,33240,149213,28286316,493869,47199,-37563,82907566,-728
2016-04-06,62334,177787,22870350,732724,91126,195988,32976522,635758,-28792,-18201,-10106172,96966,7976,824,4406232,2303,29285,824,44080544,5308,-21309,0,-39674312,-3005,78110,117522,104607004,544097,40939,153334,37125239,680317,37171,-35812,67481765,-136220
2016-04-07,64884,201508,22817487,761967,91454,225523,34195614,611898,-26570,-24015,-11378127,150069,7990,824,4411872,1922,28460,824,42657849,5031,-20470,0,-38245977,-3109,81709,124384,109294036,547119,39961,165787,34487133,680717,41748,-41403,74806903,-133598
2016-04-08,68337,227013,24902688,732053,91806,249930,33530242,597461,-23469,-22917,-8627554,134592,8079,824,4584337,2003,28096,824,42666202,4671,-20017,0,-38081865,-2668,86923,127931,113562318,526549,38726,174995,32094102,615972,48197,-47064,81468216,-89423
2016-04-11,69770,258480,25497426,726288,93369,252620,34706480,574449,-23599,5860,-9209054,151839,8070,864,4495111,1974,27836,864,42560971,4354,-19766,0,-38065860,-2380,90906,131233,118879499,514813,38739,176203,32259166,559570,52167,-44970,86620333,-44757
2016-04-12,73326,273705,26516057,732356,93394,264778,34700220,582196,-20068,8927,-8184163,150160,8017,864,4392935,1694,28175,864,42977712,4133,-20158,0,-38584777,-2439,91273,140199,119912650,530332,39306,178329,32533302,570181,51967,-38130,87379348,-39849
2016-04-13,77968,208077,32112090,625154,93515,203065,34935764,493627,-15547,5012,-2823674,131527,7902,864,4262888,2646,28648,864,44562396,4219,-20746,0,-40299508,-1573,97952,142645,127922876,528858,38965,177354,33333011,437239,58987,-34709,94589865,91619
2016-04-14,81768,230735,37795250,608962,97094,241092,36720949,580776,-15326,-10357,1074301,28186,7872,864,4219030,2735,29036,864,45207496,4263,-21164,0,-40988466,-1528,96567,144124,124431262,538541,41553,190461,37943548,423119,55014,-46337,86487714,115422
2016-04-15,85077,250052,40467501,617287,99607,241198,39552762,600136,-14530,8854,914739,17151,7944,864,4361419,3371,29207,864,45927551,4638,-21263,0,-41566132,-1267,100695,147676,129747556,583779,40373,201063,37317422,406385,60322,-53387,92430134,177394
2016-04-18,78136,266910,36776923,598415,93715,265808,34022769,595232,-15579,1102,2754154,3183,8212,864,4764372,2424,29417,864,45686516,3884,-21205,0,-40922144,-1460,97316,156511,123789379,535378,45552,208903,44442988,419524,51764,-52392,79346391,115854
2016-04-19,78934,269936,36751531,605126,92824,280777,34463686,599470,-13890,-10841,2287845,5656,8208,1864,4776332,2403,30231,1864,46476197,3795,-22023,0,-41699865,-1392,99423,159981,129647725,533810,53266,212141,54277439,422107,46157,-52160,75370286,111703
2016-04-20,41892,124719,16506216,497691,60440,112615,25007220,397512,-18548,12104,-8501004,100179,8107,1040,4530442,107,31063,1040,46825600,107,-22956,0,-42295158,0,77944,104072,107990916,493849,36595,76009,35647722,399191,41349,28063,72343194,94658
2016-04-21,47670,160338,19310544,529488,63941,141087,28663585,387868,-16271,19251,-9353041,141620,8212,1040,4716157,84,30889,1040,47109425,84,-22677,0,-42393268,0,86276,108794,120873561,457662,33130,84725,30513299,361989,53146,24069,90360262,95673
2016-04-22,50163,168445,20620962,533003,69285,166717,29847566,412106,-19122,1728,-9226604,120897,8969,1040,5110616,66,30671,1040,46803933,66,-21702,0,-41693317,0,89583,112330,121795967,458649,32690,89814,29647370,367632,56893,22516,92148597,91017
2016-04-25,53021,208756,22627205,578631,73289,179760,33391145,411076,-20268,28996,-10763940,167555,9085,1040,5258252,48,30545,1040,46754191,48,-21460,0,-41495939,0,92661,116895,124464969,441324,30976,96067,26485095,355338,61685,20828,97979874,85986
2016-04-26,54436,237677,23663831,630081,78535,196449,37461872,429645,-24099,41228,-13798041,200436,9090,1240,5250726,651,30158,1240,46463262,931,-21068,0,-41212536,-280,94723,120259,126592023,450014,29827,102763,24981203,363494,64896,17496,101610820,86520
2016-04-27,52278,168707,21820834,537551,76209,145399,32474862,405303,-23931,23308,-10654028,132248,9061,1240,5192573,588,30345,1240,46650397,958,-21284,0,-41457824,-370,95445,121906,125372596,442355,29757,99148,25357429,364730,65688,22758,100015167,77625
2016-04-28,52850,170799,20952589,570144,77685,187730,28551535,528491,-24835,-16931,-7598946,41653,8982,1240,4978579,207,31073,1240,46959059,1597,-22091,0,-41980480,-1390,90982,121973,118945991,476258,47363,115503,48782162,445673,43619,6470,70163829,30585
2016-04-29,56340,181426,23476174,658750,80434,226314,28196181,647478,-24094,-44888,-4720007,11272,8735,1340,4519133,430,31405,1340,46982826,2685,-22670,0,-42463693,-2255,94083,127772,120954713,558032,50997,127640,54470188,528551,43086,132,66484525,29481
2016-05-03,58886,178870,25336567,656931,82317,261783,28570255,706581,-23431,-82913,-3233688,-49650,8751,1340,4530878,257,31689,1340,47230894,3059,-22938,0,-42700016,-2802,89928,133550,114420903,585618,51580,140956,53515841,564480,38348,-7406,60905062,21138
2016-05-04,60175,166606,26500194,681990,81814,211746,28618747,734416,-21639,-45140,-2118553,-52426,8747,1340,4487569,144,32037,1340,47253355,3971,-23290,0,-42765786,-3827,86765,140282,108927529,697692,53527,136989,52906795,628247,33238,3293,56020734,69445
2016-05-05,61542,188563,29289166,711527,83812,252807,27938528,824221,-22270,-64244,1350638,-112694,9279,1340,5287360,117,31421,1340,45919387,4388,-22142,0,-40632027,-4271,83490,141795,102638279,728581,56969,143312,58629310,663046,26521,-1517,44008969,65535
2016-05-06,61506,210922,27576205,798744,86072,268936,28934443,893048,-24566,-58014,-1358238,-94304,9605,1340,5760337,71,31049,1340,44870193,4913,-21444,0,-39109856,-4842,84281,146130,102222668,788325,54715,149141,54917359,731376,29566,-3011,47305309,56949
2016-05-09,63270,211687,28229300,756184,86251,283197,28987661,864261,-22981,-71510,-758361,-108077,9818,1540,6085031,61,30720,1540,44126427,4699,-20902,0,-38041396,-4638,84053,149272,102253416,771783,53418,153422,52460933,704513,30635,-4150,49792483,67270
2016-05-10,62728,228714,28975940,777627,85989,294011,29973235,847858,-23261,-65297,-997295,-70231,9914,1540,6274528,65,30033,1540,43031701,4175,-20119,0,-36757173,-4110,82449,155923,99127368,759762,52273,158381,50933942,703674,30176,-2458,48193426,56088
2016-05-11,63159,167697,30568221,737779,81926,248378,27838965,856382,-18767,-80681,2729256,-118603,10156,1540,6647904,35,28858,1540,40917166,4464,-18702,0,-34269262,-4429,80054,160804,95829074,861253,56679,162280,55630859,800409,23375,-1476,40198215,60844
2016-05-12,58467,202672,26216345,863494,83248,255692,29648487,904629,-24781,-53020,-3432142,-41135,10176,1540,6649193,30,28151,1540,39583064,5067,-17975,0,-32933871,-5037,83072,174846,98366668,960678,54989,175049,55401338,865059,28083,-203,42965330,95619
2016-05-13,58491,223057,24443714,991263,80490,282152,29319723,1011229,-21999,-59095,-4876009,-19966,10325,1540,6840234,34,27988,1540,39045753,5943,-17663,0,-32205519,-5909,88746,180645,107727712,1091886,59958,183044,58670905,953915,28788,-2399,49056807,137971
2016-05-16,58593,249097,24107228,927628,80122,290165,30011994,920649,-21529,-41068,-5904766,6979,10577,1540,7017572,26,27029,1540,37416715,5305,-16452,0,-30399143,-5279,92159,187438,113033267,1033936,58628,183403,58840537,875148,33531,4035,54192730,158788
2016-05-17,59652,259350,26395371,869614,80681,303482,30035899,831133,-21029,-44132,-3640528,38481,10666,1540,7130395,29,26152,1540,36204716,4118,-15486,0,-29074321,-4089,96259,191084,117879704,912747,63147,189025,67390401,774088,33112,2059,50489303,138659
2016-05-18,37277,125639,14964934,473498,51787,104322,18040182,445359,-14510,21317,-3075248,28139,10382,1240,7050084,12,25485,1240,35342109,12,-15103,0,-28292025,0,72923,137600,94655665,595919,38110,97118,41108996,502228,34813,40482,53546669,93691
2016-05-19,42398,167271,16842791,602242,56220,152285,19220482,577809,-13822,14986,-2377691,24433,10518,1240,7187823,19,25830,1240,35314728,19,-15312,0,-28126905,0,74524,147265,96154576,688011,44811,119494,48105068,604505,29713,27771,48049508,83506
2016-05-20,49093,217043,20073377,644269,58284,182526,22989564,571945,-9191,34517,-2916187,72324,10526,1240,7263973,15,25568,1240,35412922,15,-15042,0,-28148949,0,80733,159992,104508521,649992,40942,122920,41422710,559624,39791,37072,63085811,90368
2016-05-23,51919,239743,24558297,729596,64044,198960,23353658,691580,-12125,40783,1204639,38016,10688,1240,7744396,13,23888,1240,34036474,13,-13200,0,-26292078,0,83844,178645,107328561,722913,37135,131670,40648190,567164,46709,46975,66680371,155749
2016-05-24,46577,254961,22019301,654757,64923,217715,22589235,637270,-18346,37246,-569934,17487,10806,1240,7912869,11,23884,1240,33634778,11,-13078,0,-25721909,0,75058,173720,95093035,632224,38353,135734,41687961,548720,36705,37986,53405074,83504
2016-05-25,46842,180610,22511524,596425,65311,147233,22923259,552337,-18469,33377,-411735,44088,10846,1240,8106270,10,23395,1240,33266466,10,-12549,0,-25160196,0,79643,161975,100097736,631731,34688,129578,37205897,540654,44955,32397,62891839,91077
2016-05-26,48109,200174,22766737,609078,67125,165969,24735619,557288,-19016,34205,-1968882,51790,11031,1440,8413996,481,23429,1440,33295316,441,-12398,0,-24881320,40,79693,160061,99233979,619138,33263,139009,34566265,534661,46430,21052,64667714,84477
2016-05-27,50928,228457,24729925,694214,71442,178279,27830763,627682,-20514,50178,-3100838,66532,11203,1440,8658937,750,23291,1440,33310621,275,-12088,0,-24651684,475,86072,167039,108231942,698332,33508,148248,35902570,576926,52564,18791,72329372,121406
2016-05-30,54462,249011,28241706,755200,72615,199827,28293500,724175,-18153,49184,-51794,31025,11242,1440,8717913,995,23246,1440,33322098,205,-12004,0,-24604185,790,88203,172302,109928924,769610,35744,155727,39220037,618758,52459,16575,70708887,150852
2016-05-31,53926,262245,28587796,758368,75063,216842,29411426,715905,-21137,45403,-823630,42463,11235,1440,8640287,990,23942,1440,34440337,185,-12707,0,-25800050,805,88756,175858,111429510,770496,34777,159081,40051418,612456,53979,16777,71378092,158040
2016-06-01,56072,215658,30608816,773882,78954,177068,31481809,702035,-22882,38590,-872993,71847,10978,1640,8261117,952,24755,1640,36184891,332,-13777,0,-27923774,620,94735,176951,120305458,832388,31054,153410,34940400,645074,63681,23541,85365058,187314
2016-06-02,56832,241032,30803452,814798,80451,209701,33589125,750376,-23619,31331,-2785673,64422,11070,1640,8363066,870,26061,1640,38300189,330,-14991,0,-29937123,540,94805,184218,120086656,832586,31058,166578,33627464,663392,63747,17640,86459192,169194
2016-06-03,58046,253965,31651722,831712,80875,226303,32907323,778366,-22829,27662,-1255601,53346,10931,1640,8137318,918,26296,1640,38769570,241,-15365,0,-30632252,677,94446,191014,118947354,860325,29854,175681,32647543,681749,64592,15333,86299811,178576
2016-06-04,58698,255183,32065098,800880,81158,226199,32323216,759926,-22460,28984,-258118,40954,10885,1640,8070606,825,26878,1640,39820258,179,-15993,0,-31749652,646,95311,191221,120583812,849007,29827,176772,32690884,669813,65484,14449,87892928,179194
2016-06-06,60323,260482,32877545,793294,81821,236601,33201011,778038,-21498,23881,-323466,15256,10847,1640,8076248,745,27488,1640,40666434,160,-16641,0,-32590186,585,99586,195195,126492227,841069,32380,184844,34864472,673058,67206,10351,91627755,168011
2016-06-07,63377,300778,34612275,968360,83524,244948,34404808,956104,-20147,55830,207467,12256,10942,1640,8289660,1406,28821,1640,43199457,88,-17879,0,-34909797,1318,104803,204984,134647889,1012554,30804,193658,32685423,764604,73999,11326,101962466,247950
2016-06-08,63726,238102,36112393,989407,85073,200814,35334774,1011373,-21347,37288,777619,-21966,10904,1640,8269072,1921,30010,1640,45304907,59,-19106,0,-37035835,1862,107384,203648,137224149,1098213,31973,191709,34188538,804797,75411,11939,103035611,293416
2016-06-13,58983,238669,33085576,781834,84676,222072,35747857,786634,-25693,16597,-2662281,-4800,10661,1000,7770794,5,31278,1000,45961517,5,-20617,0,-38190723,0,105062,202325,131029465,803645,39146,204807,41572719,693355,65916,-2482,89456746,110290
2016-06-14,61897,258262,36878525,812377,85601,235722,36710070,817159,-23704,22540,168455,-4782,10088,1000,7425743,5,31247,1000,46237509,5,-21159,0,-38811766,0,118056,207867,148286627,873670,43522,222009,51596277,720722,74534,-14142,96690350,152948
2016-06-15,32176,90107,18941566,438543,64451,73164,32735553,296566,-32275,16943,-13793987,141977,9779,500,7315952,90,31359,500,46896882,90,-21580,0,-39580930,0,88191,92814,114425510,524575,19606,89443,25829930,432567,68585,3371,88595580,92008
2016-06-16,36501,163308,18967188,656979,68714,128467,38202785,422260,-32213,34841,-19235597,234719,9799,800,7283078,111,32354,800,47857015,111,-22555,0,-40573937,0,90361,102762,119987279,522250,23826,107418,27384013,515517,66535,-4656,92603266,6733
2016-06-17,40988,192882,21910784,650390,72748,146560,41253894,432798,-31760,46322,-19343110,217592,9706,800,7241767,139,32616,800,48983735,139,-22910,0,-41741968,0,99004,105962,131558789,552624,22015,113508,25384325,468876,76989,-7546,106174464,83748
2016-06-20,39654,210787,21822791,694611,74700,178318,41980635,505720,-35046,32469,-20157844,188891,9984,1645,7382777,292,32655,1660,49475731,293,-22671,-15,-42092954,-1,96980,110950,129317442,601434,23988,121360,27875732,464806,72992,-10410,101441710,136628
2016-06-21,42449,223015,24608962,673947,75302,186912,41217445,516504,-32853,36103,-16608483,157443,10299,1645,7743978,306,32781,1660,49923801,306,-22482,-15,-42179823,0,97117,122639,129076801,628596,25160,126882,28891441,452581,71957,-4243,100185360,176015
2016-06-22,40763,137603,21628668,590043,73664,148426,36362692,469264,-32901,-10823,-14734024,120779,10244,1645,7656591,308,33456,1660,51076078,309,-23212,-15,-43419487,-1,97869,125795,129780300,658790,24991,114739,28932414,478178,72878,11056,100847886,180612
2016-06-23,41343,184526,22351361,671687,74272,201309,37158290,573855,-32929,-16783,-14806929,97832,10239,1645,7629631,320,33955,1660,51919225,321,-23716,-15,-44289594,-1,96621,147761,129584806,723683,26971,143826,30101541,545241,69650,3935,99483265,178442
2016-06-24,47466,223870,23420164,1167254,84507,244906,42112084,862850,-37041,-21036,-18691920,304404,10778,1645,8277484,338,36066,1660,53755824,339,-25288,-15,-45478340,-1,98850,165486,131541211,743244,30574,175442,31921479,947318,68276,-9956,99619732,-204074
2016-06-27,49466,247191,24963778,945632,84170,265722,44083167,663544,-34704,-18531,-19119389,282088,10721,1645,8246212,300,35405,1660,53209983,301,-24684,-15,-44963771,-1,106671,174133,142335628,697802,30408,201135,32232368,740151,76263,-27002,110103260,-42349
2016-06-28,50701,252617,27666024,817706,88168,273546,44566284,617418,-37467,-20929,-16900260,200288,10653,1645,8176350,277,35100,1660,53019692,278,-24447,-15,-44843342,-1,104240,176193,137356501,654605,28256,196241,30987244,603142,75984,-20048,106369257,51463
2016-06-29,47110,175460,23821049,636379,85436,155543,39856542,433276,-38326,19917,-16035493,203103,10918,1645,8682333,260,36173,1660,54907591,261,-25255,-15,-46225258,-1,106225,145510,140363446,611308,27263,161499,28668955,530950,78962,-15989,111694491,80358
2016-06-30,53758,212827,28525409,658786,84732,184471,38898611,524376,-30974,28356,-10373202,134410,11232,1645,9297874,270,36941,1660,56757216,270,-25709,-15,-47459342,0,111266,149552,148775318,637529,27723,178831,28141086,535252,83543,-29279,120634232,102277
2016-07-01,56664,231079,29808479,713698,88263,182781,41051018,601689,-31599,48298,-11242539,112009,11261,1645,9440920,289,38239,1660,59672714,289,-26978,-15,-50231794,0,114094,156030,155817955,710069,27831,186351,28703971,554363,86263,-30321,127113984,155706
2016-07-04,57162,236948,31754465,685407,88107,195877,37778508,619185,-30945,41071,-6024043,66222,11161,1645,9281756,281,39037,1660,61297344,281,-27876,-15,-52015588,0,108802,162035,147191761,706411,27993,197662,28452751,552956,80809,-35627,118739010,153455
2016-07-05,59799,245255,33156291,646436,90666,206033,40543417,573358,-30867,39222,-7387126,73078,11256,1645,9293745,251,39521,1660,61911354,251,-28265,-15,-52617609,0,108672,160523,147673012,666815,28664,202752,27938746,537365,80008,-42229,119734266,129450
2016-07-06,53551,181602,28988245,525800,86290,181192,36380148,518011,-32739,410,-7391903,7789,11141,1645,8801946,172,40736,1660,62978633,172,-29595,-15,-54176687,0,101529,162010,134966426,602895,31993,202253,28153356,555809,69536,-40243,106813070,47086
2016-07-07,54840,208190,29971272,553884,86068,186638,37887705,492900,-31228,21552,-7916433,60984,10960,1645,8578367,207,40024,1660,62436706,208,-29064,-15,-53858339,-1,106815,165317,143272329,612689,29542,212836,25675830,530026,77273,-47519,117596499,82663
2016-07-11,55897,247605,31686820,753331,92014,209033,40028884,634813,-36117,38572,-8342064,118518,11107,1645,8989858,284,39985,1660,63624269,285,-28878,-15,-54634411,-1,105268,165651,144121275,756851,27579,218435,26018951,605671,77689,-52784,118102324,151180
2016-07-12,59143,269082,33262320,814326,93338,204898,40881063,666281,-34195,64184,-7618743,148045,11264,1645,9319168,304,40555,1660,64867069,304,-29291,-15,-55547901,0,107881,177455,149570011,831160,27568,223374,26693441,649773,80313,-45919,122876570,181387
2016-07-13,58794,226669,32692842,775178,94419,185047,41337287,645512,-35625,41622,-8644445,129666,11837,1645,10342854,321,40873,1660,65475793,321,-29036,-15,-55132939,0,112867,180904,156879916,857447,30369,232814,28627617,691550,82498,-51910,128252299,165897
2016-07-14,60597,246187,33647366,813785,96983,200840,41705526,686240,-36386,45347,-8058160,127545,11672,1645,10111275,357,41946,1660,67379500,357,-30274,-15,-57268225,0,115591,181920,161492191,885497,31883,236687,31353303,708274,83708,-54767,130138888,177223
2016-07-15,62454,269099,35821465,1016021,102779,198335,46376970,809581,-40325,70764,-10555505,206440,11659,1645,10169967,502,41588,1660,67388769,502,-29929,-15,-57218802,0,120016,182517,166538976,1075329,32002,243914,30797262,841734,88014,-61397,135741714,233595
2016-07-18,61857,283193,36699712,1200241,103071,216517,45172065,1008083,-41214,66676,-8472353,192158,11505,1645,10197453,819,41092,1660,66884328,820,-29587,-15,-56686875,-1,114991,185038,159662222,1280867,31602,255050,28947241,1019239,83389,-70012,130714981,261628
2016-07-19,64220,305967,42194538,1271917,103113,250127,45467938,1154186,-38893,55840,-3273400,117731,11920,1645,10543988,999,41595,1660,67887946,1000,-29675,-15,-57343958,-1,117741,191958,164819568,1411749,35880,266928,38644876,1128937,81861,-74970,126174692,282812
2016-07-20,34693,105985,23010158,501764,74978,102275,36286141,462031,-40285,3710,-13275983,39733,11588,1645,10411396,944,42026,1660,68570870,945,-30438,-15,-58159474,-1,99261,113904,141524264,833389,21324,106808,24362200,583878,77937,7096,117162064,249511
2016-07-21,38814,157445,26265401,665494,81392,167289,37274945,674216,-42578,-9844,-11009544,-8722,11467,1645,10330692,1378,42317,1660,69859298,1380,-30850,-15,-59528606,-2,104145,128084,146419443,1011622,23619,128553,26612038,751006,80526,-469,119807405,260616
2016-07-22,38428,177682,23471479,669115,82045,205783,36829054,678110,-43617,-28101,-13357575,-8995,11289,1645,9948736,1111,42326,1660,69435225,1112,-31037,-15,-59486489,-1,99471,136616,140951594,966929,22369,139267,23937105,721288,77102,-2651,117014489,245641
2016-07-25,42996,185785,26962142,639385,81778,248529,36666733,704895,-38782,-62744,-9704591,-65510,11154,1645,9674119,837,43015,1660,70385196,837,-31861,-15,-60711077,0,96319,137703,138717782,908327,22025,150324,21850304,691546,74294,-12621,116867478,216781
2016-07-26,44393,211719,27790482,705347,80928,251027,37386616,742354,-36535,-39308,-9596134,-37007,11069,1645,9601064,995,43055,1660,71041672,996,-31986,-15,-61440608,-1,102945,139706,150099243,968790,20914,152230,20999587,745085,82031,-12524,129099656,223705
2016-07-27,44243,166106,25649087,721945,83430,200507,36807589,735687,-39187,-34401,-11158502,-13742,11000,1645,9458796,1082,43254,1660,71485749,1082,-32254,-15,-62026953,0,99581,136649,146291209,1016068,22515,156576,23470443,801305,77066,-19927,122820766,214763
2016-07-28,46595,218094,26153562,815230,86358,237457,38730406,789345,-39763,-19363,-12576844,25885,11003,1645,9446580,1085,43804,1660,72456564,1086,-32801,-15,-63009984,-1,105049,145714,154641574,1047141,22445,171513,24603590,822125,82604,-25799,130037984,225016
2016-07-29,48643,233674,26455621,797212,89021,278529,40338676,770569,-40378,-44855,-13883055,26643,10783,1645,8962772,729,45111,1660,73878503,729,-34328,-15,-64915731,0,102404,152517,149809031,957052,23877,184522,23708456,742555,78527,-32005,126100575,214497
2016-08-01,53740,252315,31111386,854286,88638,275935,38813181,841206,-34898,-23620,-7701795,13080,10613,1645,9019947,1141,45495,1660,75463369,1141,-34882,-15,-66443422,0,111547,155249,163991132,1078515,23793,190200,25191837,875910,87754,-34951,138799295,202605
2016-08-02,52888,255758,30787939,792468,89748,293967,38863576,807209,-36860,-38209,-8075637,-14741,10821,1645,9319391,1032,46012,1660,75585654,1032,-35191,-15,-66266263,0,104638,157504,152861238,1032454,26107,196319,26230034,827996,78531,-38815,126631204,204458
2016-08-03,50095,198251,24458428,708512,89670,227634,35836746,714347,-39575,-29383,-11378318,-5835,10371,1645,8484422,675,47673,1660,77473051,675,-37302,-15,-68988629,0,108203,150075,155664727,936477,27756,187342,26626272,737885,80447,-37267,129038455,198592
2016-08-04,54793,235887,27355402,731954,88368,284519,33933337,781301,-33575,-48632,-6577935,-49347,10068,1895,8292655,834,48070,1910,77670965,834,-38002,-15,-69378310,0,104876,153060,152195147,953312,28459,194509,26027637,751385,76417,-41449,126167510,201927
2016-08-05,58016,256607,30346136,843070,90727,277901,35140213,851482,-32711,-21294,-4794077,-8412,10167,1895,8565463,1218,49533,2310,80554942,3478,-39366,-415,-71989479,-2260,108630,154295,159561731,1045388,27397,199065,25209075,856112,81233,-44770,134352656,189276
2016-08-08,61095,266229,33797764,870411,93699,303438,35826194,960036,-32604,-37209,-2028430,-89625,9978,1895,8422515,1314,49868,2310,80797202,2814,-39890,-415,-72374687,-1500,105416,151460,156226016,1090530,31164,205307,28858962,908842,74252,-53847,127367054,181688
2016-08-09,62260,291370,33777520,866944,94994,312156,36890334,926062,-32734,-20786,-3112814,-59118,10029,1895,8524959,1082,50259,2310,81595216,2382,-40230,-415,-73070257,-1300,108037,151656,159989114,1068516,31235,209103,28306727,885709,76802,-57447,131682387,182807
2016-08-10,67009,214708,37123560,808149,96486,259944,36803113,914538,-29477,-45236,320447,-106389,9873,1995,8335089,1226,51056,2410,83268003,2116,-41183,-415,-74932914,-890,109907,147948,163472012,1130650,32443,208696,30025339,925732,77464,-60748,133446673,204918
2016-08-11,71332,236408,44280898,711104,97969,322587,39483542,939422,-26637,-86179,4797356,-228318,9613,2195,7829836,1418,52671,2010,85678395,858,-43058,185,-77848559,560,109410,152073,161835878,1035942,37047,236017,34544321,856253,72363,-83944,127291557,179689
2016-08-12,72778,263823,42406328,779060,98071,311702,39708086,904856,-25293,-47879,2698242,-125796,9701,2195,8025114,1538,53089,2010,86855335,859,-43388,185,-78830221,679,114795,157514,171003185,1105057,37724,238979,35476115,899144,77071,-81465,135527070,205913
2016-08-15,72640,270867,42710834,753942,96659,331904,36781008,889236,-24019,-61037,5929826,-135294,9817,2195,8299697,1408,54122,2010,88608868,838,-44305,185,-80309171,570,117794,160063,173901257,1101652,41553,246158,41777978,879774,76241,-86095,132123279,221878
2016-08-16,69909,269488,39216320,691835,99312,338386,37021041,784795,-29403,-68898,2195279,-92960,9718,2195,8066702,776,55830,2010,91110263,562,-46112,185,-83043561,214,116431,164806,169360310,1024399,42074,246843,40188711,795799,74357,-82037,129171599,228600
2016-08-17,38763,109159,18799472,430478,59987,102195,23843863,430188,-21224,6964,-5044391,290,9894,2350,7744388,2417,56745,2350,93658953,2417,-46851,0,-85914565,0,96208,110261,146388730,825043,28471,124256,22648298,574816,67737,-13995,123740432,250227
2016-08-18,44959,146061,23136065,664390,63266,148252,23956194,715612,-18307,-2191,-820129,-51222,9944,2350,7853816,2393,57562,2350,95041442,2393,-47618,0,-87187626,0,101540,119469,153599469,887338,28360,139053,22009661,604737,73180,-19584,131589808,282601
2016-08-19,47381,164921,24434352,680663,68341,182277,26983842,778841,-20960,-17356,-2549490,-98178,10250,2350,8331094,1684,59132,2350,96439333,1684,-48882,0,-88108239,0,101343,122478,152588887,831687,36461,148747,30210953,567583,64882,-26269,122377934,264104
2016-08-22,48042,188428,23415218,729493,69488,219891,27518735,831014,-21446,-31463,-4103517,-101521,9783,2350,7454585,1337,60369,2350,98073926,1337,-50586,0,-90619341,0,108005,128278,161669021,804599,33373,161000,28614564,551338,74632,-32722,133054457,253261
2016-08-23,52347,205419,25963965,775250,73424,197702,31785184,759697,-21077,7717,-5821219,15553,10156,2350,7855759,1653,59381,2350,97255409,1653,-49225,0,-89399650,0,116479,133265,172517484,853510,28424,159740,22904446,573564,88055,-26475,149613038,279946
2016-08-24,49626,154861,23363239,706117,73042,150408,29729402,737130,-23416,4453,-6366163,-31013,10330,2350,8139703,1596,59210,2350,96635396,1596,-48880,0,-88495693,0,113413,132927,166043338,835605,30994,150612,23454511,565809,82419,-17685,142588827,269796
2016-08-25,58504,188293,28571131,836825,81201,156251,36530238,770429,-22697,32042,-7959107,66396,10468,2350,8477275,2220,58534,2350,96651478,2220,-48066,0,-88174203,0,129072,151567,187283559,954528,31818,167468,22620340,647370,97254,-15901,164663219,307158
2016-08-26,57276,209117,27656427,865815,81995,187324,34511709,837471,-24719,21793,-6855282,28344,10471,2350,8501846,2354,58194,2398,96156083,2437,-47723,-48,-87654237,-83,122059,151610,175953743,970790,32103,173261,22284895,672684,89956,-21651,153668848,298106
2016-08-29,58827,215157,29105959,852775,80188,219603,30556531,892323,-21361,-4446,-1450572,-39548,10228,2350,7911876,2046,58767,2350,96796492,2046,-48539,0,-88884616,0,120386,154140,170426444,914640,38062,185614,26508404,647752,82324,-31474,143918040,266888
2016-08-30,59364,233315,28095225,877512,81783,215844,31915166,881185,-22419,17471,-3819941,-3673,10317,2350,8046565,1962,58751,2406,96695059,2068,-48434,-56,-88648494,-106,118923,156945,167659400,907114,39999,189628,25632736,651954,78924,-32683,142026664,255160
2016-08-31,56885,168064,25553823,820610,81575,174739,32393710,859732,-24690,-6675,-6839887,-39122,10293,2359,8046799,1619,59540,2359,97479567,1619,-49247,0,-89432768,0,119679,154846,169735979,861120,41858,178626,24683067,632807,77821,-23780,145052912,228313
2016-09-01,57626,191647,25881484,795948,84318,218467,31954104,884805,-26692,-26820,-6072620,-88857,9982,2359,7450116,1420,60218,2359,98318557,1420,-50236,0,-90868441,0,121473,158904,171583087,838016,47400,196478,29954691,618254,74073,-37574,141628396,219762
2016-09-02,62148,203426,28710080,813592,85014,232402,33516097,875176,-22866,-28976,-4806017,-61584,9890,2359,7278665,1354,60303,2359,98370755,1354,-50413,0,-91092090,0,125588,161363,175621023,834237,47605,200493,30412618,613333,77983,-39130,145208405,220904
2016-09-05,66510,250311,32079530,911212,90401,216060,40590476,845019,-23891,34251,-8510946,66193,10225,2350,7978753,1816,59263,2385,97944171,1856,-49038,-35,-89965418,-40,136873,165773,193376950,899568,43330,201725,26688381,657131,93543,-35952,166688569,242437
2016-09-06,68951,274716,33862187,996803,93112,216392,42583076,925007,-24161,58324,-8720889,71796,10289,2350,8149296,2422,58842,2438,98122180,2521,-48553,-88,-89972884,-99,141562,167807,201566339,1017270,43579,209918,28614887,753239,97983,-42111,172951452,264031
2016-09-07,70550,214499,34022082,1077626,97044,163736,46008272,898165,-26494,50763,-11986190,179461,10214,2350,8107641,3255,57747,2458,97213279,3433,-47533,-108,-89105638,-178,147345,166421,214160499,1164120,44497,216358,32339686,912730,102848,-49937,181820813,251390
2016-09-08,67862,231636,32027034,1044987,95207,195604,42037848,941121,-27345,36032,-10010814,103866,10154,2350,7990747,3100,57986,2395,97501090,3175,-47832,-45,-89510343,-75,139227,169579,200750573,1137091,45617,228632,33956631,896667,93610,-59053,166793942,240424
2016-09-09,62034,233179,29454503,897812,92504,244669,35785284,953844,-30470,-11490,-6330781,-56032,9820,2350,7307954,2007,59455,2360,98982664,2024,-49635,-10,-91674710,-17,126595,173083,179402935,962482,46368,233020,35740596,759952,80227,-59937,143662339,202530
2016-09-10,63029,254291,29634032,1006609,93064,293679,33754738,1117140,-30035,-39388,-4120706,-110531,9586,2350,6751326,1411,60906,2350,99708916,1411,-51320,0,-92957590,0,127230,175030,177170012,880989,46049,240989,34460176,749066,81181,-65959,142709836,131923
2016-09-12,62581,265275,29296700,1054970,92393,324430,32962419,1228916,-29812,-59155,-3665719,-173946,9628,2350,6787820,1291,61626,2350,100365212,1291,-51998,0,-93577392,0,125224,181791,172458555,894472,49210,252288,35652076,800227,76014,-70497,136806479,94245
2016-09-13,65829,276710,31925173,1000664,91904,355826,32919163,1159225,-26075,-79116,-993990,-158561,9629,2350,6796455,1258,61741,2350,100627115,1258,-52112,0,-93830660,0,124714,191647,172709003,882040,52467,272268,39518846,736100,72247,-80621,133190157,145940
2016-09-14,67248,207558,35340054,881182,94487,264083,36844810,1022645,-27239,-56525,-1504756,-141463,9485,2350,6514964,1157,61936,2350,100599305,1157,-52451,0,-94084341,0,124175,188126,169954482,865915,49595,259636,36023839,699683,74580,-71510,133930643,166232
2016-09-19,72226,259735,39620211,937460,96570,251057,39342435,964751,-24344,8678,277776,-27291,9906,2440,7457901,2006,58971,2496,98202014,2032,-49065,-56,-90744113,-26,139995,208461,195847802,1097791,48434,277844,38539541,775251,91561,-69383,157308261,322540
2016-09-20,68478,271266,37062210,912690,91379,276091,35318217,960810,-22901,-4825,1743993,-48120,9882,2440,7399154,1827,59619,2461,99128692,1838,-49737,-21,-91729538,-11,144865,203214,203744985,1056937,58654,272197,55229492,742237,86211,-68983,148515493,314700
2016-09-21,44620,115018,24364400,460809,57963,102936,27080143,427943,-13343,12082,-2715743,32866,9849,890,7675585,2161,58542,926,97936228,2243,-48693,-36,-90260643,-82,109999,111175,165492075,779969,33970,90955,23995834,469712,76029,20220,141496241,310257
2016-09-22,48896,150627,27426091,485594,60653,132845,28535739,435821,-11757,17782,-1109648,49773,10134,890,7932789,1986,59434,938,99898323,2063,-49300,-48,-91965534,-77,108982,118656,166394173,747674,35913,103543,25031140,448440,73069,15113,141363033,299234
2016-09-23,50495,176580,29511435,537999,61119,133750,30661583,437341,-10624,42830,-1150148,100658,10211,890,8109047,2216,59577,923,100367528,2294,-49366,-33,-92258481,-78,114448,120111,175190967,779005,35003,108841,22626079,466597,79445,11270,152564888,312408
2016-09-26,49423,194588,26820395,548859,65051,163209,32669951,428670,-15628,31379,-5849556,120189,10129,890,7959369,1621,60667,890,101323549,1621,-50538,0,-93364180,0,112762,122170,171787861,705240,37278,115955,24559895,444312,75484,6215,147227966,260928
2016-09-29,50914,186640,26425435,606378,69952,114594,37823232,412153,-19038,72046,-11397797,194225,10421,890,8586559,2116,59867,890,100942804,2116,-49446,0,-92356245,0,120914,119643,185505872,777930,36129,112978,21890088,480060,84785,6665,163615784,297870
2016-09-30,52974,235267,27165664,727077,75522,195348,39966065,538017,-22548,39919,-12800401,189060,10135,890,7959572,1511,60931,890,101564802,1511,-50796,0,-93605230,0,116609,125781,175889377,724198,39618,129881,24271191,491759,76991,-4100,151618186,232439
2016-10-03,54935,259222,28563113,686945,75280,220704,39294912,553312,-20345,38518,-10731799,133633,10281,890,8274452,1821,60888,890,102185727,1821,-50607,0,-93911275,0,118946,127386,180697571,758984,41107,131841,24661712,492941,77839,-4455,156035859,266043
2016-10-04,58463,283534,31917813,669183,78376,222035,39654826,559996,-19913,61499,-7737013,109187,10971,890,9588159,2116,60635,923,102363807,2170,-49664,-33,-92775648,-54,126445,127497,190671145,801636,40016,134819,24445367,509339,86429,-7322,166225778,292297
2016-10-05,57371,207589,28738590,615169,79879,150253,38258551,491990,-22508,57336,-9519961,123179,10859,890,9377313,1971,60643,909,102236373,2001,-49784,-19,-92859060,-30,127798,125444,193283191,789312,40458,126921,25991545,508203,87340,-1477,167291646,281109
2016-10-06,58809,227439,30069872,611939,80340,186796,38366137,545786,-21531,40643,-8296265,66153,10920,890,9516834,2026,60332,890,101863913,2026,-49412,0,-92347079,0,128004,129608,194152867,797538,41900,139235,26462759,529029,86104,-9627,167690108,268509
2016-10-07,60074,255062,31663130,648468,81736,202662,41524835,547749,-21662,52400,-9861705,100719,10776,890,9253469,1886,60251,890,101653301,1886,-49475,0,-92399832,0,130054,137998,198600019,804253,43910,146173,29807340,533573,86144,-8175,168792679,270680
2016-10-11,63017,260226,32824099,610209,86374,220395,43215464,495531,-23357,39831,-10391365,114678,10420,890,8567457,1426,61077,890,102492543,1426,-50657,0,-93925086,0,131934,143831,202670757,733999,52743,155940,45264279,496839,79191,-12109,157406478,237160
2016-10-12,65043,220846,33063532,541337,82827,168311,38409636,469220,-17784,52535,-5346104,72117,10149,890,8122392,1663,60173,890,101592003,1663,-50024,0,-93469611,0,142140,144812,218028705,774944,47493,155098,41133713,498535,94647,-10286,176894992,276409
2016-10-13,69736,228494,40587899,508826,86810,216255,40527399,581182,-17074,12239,60500,-72356,9677,930,8027536,1314,60378,930,101313169,1314,-50701,0,-93285633,0,135116,143128,205837758,719994,54534,184276,51113267,516719,80582,-41148,154724491,203275
2016-10-14,70551,234269,41004791,501048,92101,227818,43386900,556945,-21550,6451,-2382109,-55897,9476,930,7697782,1139,61150,930,102346855,1139,-51674,0,-94649073,0,134314,147969,201524422,698682,52092,194526,49327527,509456,82222,-46557,152196895,189226
2016-10-17,72910,241838,44840624,476128,89568,272888,41022811,571974,-16658,-31050,3817813,-95846,9435,930,7641426,1039,61209,930,102323060,1039,-51774,0,-94681634,0,142001,147967,213753495,698155,61064,206699,66075050,496464,80937,-58732,147678445,201691
2016-10-18,76582,273837,46201461,502407,92204,249214,44674248,520216,-15622,24623,1527213,-17809,9461,1030,7829816,1219,59503,1030,99742391,1219,-50042,0,-91912575,0,144481,148013,216912374,741596,56959,204396,59258129,484286,87522,-56383,157654245,257310
2016-10-19,46374,150700,23658310,468055,64168,89394,34118882,329045,-17794,61306,-10460572,139010,9948,930,8374444,1342,58093,975,98052716,1446,-48145,-45,-89678272,-104,122082,108459,188178953,742285,29231,92274,24828538,412475,92851,16185,163350415,329810
2016-10-20,50808,214771,25721277,585881,67068,152306,35038213,431987,-16260,62465,-9316936,153894,9959,930,8419119,1405,57780,959,97771367,1455,-47821,-29,-89352248,-50,125528,116869,193174020,769640,33496,100014,27214818,426976,92032,16855,165959202,342664
2016-10-21,52451,235440,25998276,604890,72391,166909,37614101,421251,-19940,68531,-11615825,183639,10226,930,8583864,1251,57720,930,97523846,1251,-47494,0,-88939982,0,128710,128032,196936147,778833,35054,111797,28164930,430574,93656,16235,168771217,348259
2016-10-24,55321,231052,27948005,577342,74514,168852,37619642,445406,-19193,62200,-9671637,131936,10285,930,8743783,1419,57526,930,97637995,1419,-47241,0,-88894212,0,132372,128748,203836162,789448,35245,113629,27311854,442362,97127,15119,176524308,347086
2016-10-25,57109,257038,30540111,662728,78594,180415,40644579,498140,-21485,76623,-10104468,164588,10084,986,8496735,2084,56691,977,96761647,1897,-46607,9,-88264912,187,139232,133955,212676275,846666,35724,117474,28141476,472650,103508,16481,184534799,374016
2016-10-26,51371,183933,23734994,537369,78359,123610,37324985,393662,-26988,60323,-13589991,143707,9976,930,8348548,1481,57113,930,97126979,1481,-47137,0,-88778431,0,132825,126233,201434444,785607,37831,111791,29891347,445018,94994,14442,171543097,340589
2016-10-27,52034,199780,23312808,517761,79961,162596,36648527,431694,-27927,37184,-13335719,86067,9109,930,7299344,1131,57453,930,97277279,1131,-48344,0,-89977935,0,128291,128754,193758348,745938,41628,129248,31266685,440278,86663,-494,162491663,305660
2016-10-28,49378,212375,21719474,529752,81239,174435,35918930,432650,-31861,37940,-14199456,97102,9092,930,7262703,1111,57448,930,97175445,1111,-48356,0,-89912742,0,127454,132669,192970541,749260,39070,143002,30789599,460847,88384,-10333,162180942,288413
2016-10-31,49720,217222,21576511,546210,84991,183840,37242714,437165,-35271,33382,-15666203,109045,8814,970,7100454,1215,56746,930,95920557,1151,-47932,40,-88820103,64,128523,136756,191571723,775194,36530,164474,28592961,500091,91993,-27718,162978762,275103
2016-11-01,52184,219270,24344102,508802,88482,202051,36545034,493693,-36298,17219,-12200932,15109,8853,970,7173969,1223,56548,930,95493378,1179,-47695,40,-88319409,44,125769,140203,186492784,787590,34835,172176,29906094,522695,90934,-31973,156586690,264895
2016-11-02,51490,189171,23263713,499251,91560,179889,35348531,572064,-40070,9282,-12084818,-72813,8726,956,6852446,862,58096,930,96848547,829,-49370,26,-89996101,33,119791,139736,173678233,735921,38405,173800,35276210,608919,81386,-34064,138402023,127002
2016-11-03,51278,208533,21660884,558327,91557,205366,34280002,613180,-40279,3167,-12619118,-54853,8640,951,6656848,664,58905,930,97464563,628,-50265,21,-90807715,36,116482,143977,166771119,711644,41777,181468,40494077,645111,74705,-37491,126277042,66533
2016-11-04,51214,213045,21658675,573852,93251,224401,32899381,639678,-42037,-11356,-11240706,-65826,8688,930,6694398,591,58958,930,97291472,591,-50270,0,-90597074,0,117489,155730,165750239,730579,40241,210327,40321081,723538,77248,-54597,125429158,7041
2016-11-07,51547,242752,22618784,587011,89584,251867,31662854,649944,-38037,-9115,-9044070,-62933,9072,970,7487507,979,57763,930,96103257,839,-48691,40,-88615750,140,122743,162388,173663895,752932,39381,230035,38513005,625026,83362,-67647,135150890,127906
2016-11-08,54358,267629,25265689,585386,91050,265324,31683124,629659,-36692,2305,-6417435,-44273,9131,954,7619837,915,56858,930,95110427,841,-47727,24,-87490590,74,125236,178192,175684232,777191,40492,261235,39805681,636032,84744,-83043,135878551,141159
2016-11-09,57435,208802,27219224,783634,97350,206872,35954520,685876,-39915,1930,-8735296,97758,8496,1130,6363835,772,59550,930,97764611,357,-51054,200,-91400776,415,121366,153686,167183362,772390,46734,218831,42907678,940165,74632,-65145,124275684,-167775
2016-11-10,59202,238992,29357490,501451,94123,226127,31465647,535619,-34921,12865,-2108157,-34168,8819,1130,6871164,1612,56326,930,94712488,472,-47507,200,-87841324,1140,124324,154004,173212373,620813,44862,241600,41914937,504225,79462,-87596,131297436,116588
2016-11-11,57747,241582,28339800,694134,102495,263839,35499008,685759,-44748,-22257,-7159208,8375,8609,1130,6603803,473,57332,930,94476639,238,-48723,200,-87872836,235,121407,159442,165285955,679108,51986,273278,50001276,810629,69421,-113836,115284679,-131521
2016-11-14,57377,250246,28800434,700684,104121,289712,36130703,678473,-46744,-39466,-7330269,22211,8671,1130,6704345,327,56645,940,93201381,219,-47974,190,-86497036,108,127298,163828,171169494,691443,56313,282359,52123731,791362,70985,-118531,119045763,-99919
2016-11-15,53230,264749,25077206,702633,100628,289846,36398660,633489,-47398,-25097,-11321454,69144,8675,1247,6778266,181,56388,1057,92484447,171,-47713,190,-85706181,10,135221,173817,184063199,723547,60501,291447,57362387,797957,74720,-117630,126700812,-74410
2016-11-16,34741,118945,19255095,364128,71961,98161,24089390,365332,-37220,20784,-4834295,-1204,8765,960,6894920,108,55363,960,91077119,108,-46598,0,-84182199,0,105486,119240,149842280,577996,30075,131973,28623074,514619,75411,-12733,121219206,63377
2016-11-17,37430,159451,19825263,448977,75219,143866,24773305,437401,-37789,15585,-4948042,11576,9137,960,7094108,84,55493,960,91354970,84,-46356,0,-84260862,0,109021,126621,153112980,590088,31600,144585,30604117,537149,77421,-17964,122508863,52939
2016-11-18,38109,180276,19791422,471316,78719,155843,25622443,447682,-40610,24433,-5831021,23634,9200,960,7316264,84,54712,992,90221414,137,-45512,-32,-82905150,-53,115481,131217,161805052,585733,34477,149696,33571249,515369,81004,-18479,128233803,70364
2016-11-21,39480,194582,21153635,477003,80117,169619,24255221,467749,-40637,24963,-3101586,9254,9238,960,7486325,83,54074,1008,89370359,169,-44836,-48,-81884034,-86,118525,135617,161976735,587135,34246,154665,32006632,500508,84279,-19048,129970103,86627
2016-11-22,43614,238201,21866580,582082,81788,159906,29452214,519036,-38174,78295,-7585634,63046,9471,960,8043680,142,52504,1002,87708366,225,-43033,-42,-79664686,-83,126735,148778,178821589,664967,32083,161690,29869952,466722,94652,-12912,148951637,198245
2016-11-23,45229,201609,21643372,545980,82895,133481,30317936,456549,-37666,68128,-8674564,89431,9516,960,8253780,138,52083,1000,87299807,198,-42567,-40,-79046027,-60,127753,149280,180608057,680056,32052,162789,27864989,448761,95701,-13509,152743068,231295
2016-11-24,43472,216973,20190709,562873,84585,160968,30656086,488157,-41113,56005,-10465377,74716,9633,960,8425726,96,52308,1008,87375785,173,-42675,-48,-78950059,-77,126261,151411,176817956,648992,34667,172398,30692843,455462,91594,-20987,146125113,193530
2016-11-25,43523,235476,20015056,599739,86605,169974,33171572,490688,-43082,65502,-13156516,109051,9557,960,8472449,98,52228,1038,87519427,209,-42671,-78,-79046978,-111,129226,153789,181615785,658943,33651,177396,30177086,449055,95575,-23607,151438699,209888
2016-11-28,45935,254170,20868358,646549,89169,169387,35993827,520459,-43234,84783,-15125469,126090,9057,960,8262825,148,51538,1027,86836532,249,-42481,-67,-78573707,-101,137070,162482,195559590,735794,34651,181631,32685707,464988,102419,-19149,162873883,270806
2016-11-29,46081,258926,20889242,626706,90118,172774,36137368,513884,-44037,86152,-15248126,112822,9340,960,8339689,109,51640,975,86826527,133,-42300,-15,-78486838,-24,132746,164158,190445668,714556,36064,188097,34529874,481522,96682,-23939,155915794,233034
2016-11-30,45848,236349,19496907,634527,91757,143459,36263399,495780,-45909,92890,-16766492,138747,9276,960,8322677,110,51495,960,86789210,110,-42219,0,-78466533,0,134959,165697,194962952,734231,36582,181547,35328022,479157,98377,-15850,159634930,255074
2016-12-01,47997,259236,20714866,667600,93405,155353,36298602,524105,-45408,103883,-15583736,143495,9367,960,8522086,133,51048,960,86267753,133,-41681,0,-77745667,0,138460,174576,199536975,766427,38150,189478,38572930,477516,100310,-14902,160964045,288911
2016-12-02,47114,262905,21049249,659918,91867,195465,31986860,601355,-44753,67440,-10937611,58563,9093,960,8263151,71,51944,960,87000015,71,-42851,0,-78736864,0,128653,183144,183511554,679309,42027,203460,43245131,518652,86626,-20316,140266423,160657
2016-12-05,49008,272005,21331200,635484,93556,212762,34107801,564090,-44548,59243,-12776601,71394,8544,960,7578171,55,52226,960,87457081,55,-43682,0,-79878910,0,129374,183276,185873960,651706,42954,209686,42927346,504079,86420,-26410,142946614,147627
2016-12-06,55050,314761,26676781,706294,98402,202686,42710343,550666,-43352,112075,-16033562,155628,8499,960,7576382,83,51109,960,86396878,83,-42610,0,-78820496,0,139759,194177,202953518,753136,42998,220158,42814432,520918,96761,-25981,160139086,232218
2016-12-07,52050,244158,22274528,625382,94008,163890,36162417,509827,-41958,80268,-13887889,115555,8496,960,7624738,77,51040,960,86261099,77,-42544,0,-78636361,0,136040,195059,195678274,748118,45853,217445,45552917,517258,90187,-22386,150125357,230860
2016-12-08,56725,254364,26217435,726440,96692,168756,39173049,590950,-39967,85608,-12955614,135490,8681,960,8052448,210,50297,984,85862157,230,-41616,-24,-77809709,-20,140136,197141,204116463,902119,45238,228473,43998759,573337,94898,-31332,160117704,328782
2016-12-09,59482,266780,28103152,762579,97168,181473,41290425,619607,-37686,85307,-13187273,142972,8482,960,7701097,256,50106,1000,85700294,303,-41624,-40,-77999197,-47,142423,202290,208419287,947885,44269,238588,41112995,606702,98154,-36298,167306292,341183
2016-12-12,57043,266682,25550691,683261,95477,199432,41066810,595103,-38434,67250,-15516119,88158,8171,960,7515874,130,50507,964,86139034,135,-42336,-4,-78623160,-5,138478,210078,203101638,912183,49527,256103,47303883,627747,88951,-46025,155797755,284436
2016-12-13,58788,266076,27652718,688496,96728,201687,39836476,604296,-37940,64389,-12183758,84200,8191,960,7569490,127,50466,968,86274267,134,-42275,-8,-78704777,-7,138544,212796,201834130,937123,45745,263798,44766461,641735,92799,-51002,157067669,295388
2016-12-14,60294,232911,28113387,646896,96317,168074,39181077,576399,-36023,64837,-11067690,70497,8039,960,7447798,102,50514,960,86264485,102,-42475,0,-78816687,0,135063,220495,198004463,946019,48289,262714,46767230,653539,86774,-42219,151237233,292480
2016-12-15,58469,244435,28131335,599610,101098,191025,39744392,581630,-42629,53410,-11613057,17980,7612,960,7276776,28,50540,960,86249877,28,-42928,0,-78973101,0,136674,222439,195907545,913235,45921,287281,48375566,631580,90753,-64842,147531979,281655
2016-12-16,56669,238128,26903247,531615,99931,208578,38193152,569251,-43262,29550,-11289905,-37636,7472,960,6972551,14,51178,960,86455841,14,-43706,0,-79483290,0,125606,222214,178764798,824815,47955,287758,48906472,601353,77651,-65544,129858326,223462
2016-12-19,54200,256685,23675717,526504,101670,213235,40924164,525980,-47470,43450,-17248447,524,7243,960,6500350,10,52053,960,87397277,10,-44810,0,-80896927,0,120427,223810,171120205,752326,44041,289268,40328649,581980,76386,-65458,130791556,170346
2016-12-20,55370,246533,28499154,475205,99398,227760,39083502,553654,-44028,18773,-10584348,-78449,7172,1093,6381176,37,51701,1065,87346501,16,-44529,28,-80965325,21,118481,228389,168003745,750741,47428,291090,47592445,558477,71053,-62701,120411300,192264
2016-12-21,31799,85964,14683386,200164,71535,82347,26615325,157458,-39736,3617,-11931939,42706,6906,520,5878830,512,51809,520,86888957,561,-44903,0,-81010127,-49,100316,84023,144788589,336779,28629,90796,29366754,311320,71687,-6773,115421835,25459
2016-12-22,35180,113399,16942382,275451,81292,125195,32221033,199695,-46112,-11796,-15278651,75756,6862,520,5741650,558,52325,520,86909960,469,-45463,0,-81168310,89,99885,89866,142611117,347912,34666,109317,36902365,383754,65219,-19451,105708752,-35842
2016-12-23,35719,128662,17360489,319084,84140,142638,33137579,227851,-48421,-13976,-15777090,91233,6714,520,5616367,612,52607,520,86710905,488,-45893,0,-81094538,124,100267,93479,139647620,361818,36207,115645,36274053,420506,64060,-22166,103373567,-58688
2016-12-26,36603,137498,17806966,273395,84276,154151,31791831,219879,-47673,-16653,-13984865,53516,6627,520,5626753,493,52061,520,86019779,402,-45434,0,-80393026,91,101416,96200,140994400,346350,36733,116783,37393419,385970,64683,-20583,103600981,-39620
2016-12-27,37026,142303,17954553,275262,85452,159285,31875790,219871,-48426,-16982,-13921237,55391,6565,520,5606766,477,52068,520,85928207,372,-45503,0,-80321441,105,100431,97012,139223996,347283,36815,120542,37079229,393352,63616,-23530,102144767,-46069
2016-12-28,38963,107716,19638490,247821,84656,114297,29565388,187880,-45693,-6581,-9926898,59941,6544,520,5786350,304,50380,520,84174938,314,-43836,0,-78388588,-10,105253,97042,145067094,332792,32868,116524,32390960,329400,72385,-19482,112676134,3392
2016-12-29,38779,146015,18460245,317947,87911,150858,30851857,222532,-49132,-4843,-12391612,95415,6479,520,5810971,334,50234,520,83631591,299,-43755,0,-77820620,35,106895,101867,147900772,345859,32108,128963,29593744,356618,74787,-27096,118307028,-10759
2016-12-30,42859,159638,21907380,315897,90789,158677,32382159,255405,-47930,961,-10474779,60492,6940,520,6711017,281,50004,520,83498274,358,-43064,0,-76787257,-77,110943,106728,154586866,350273,31420,137536,30051776,329229,79523,-30808,124535090,21044
2017-01-03,45594,164780,25499143,298326,89471,169229,31183290,283523,-43877,-4449,-5684147,14803,6957,520,6758321,223,49942,520,83635815,327,-42985,0,-76877494,-104,108411,110091,149419575,345462,31443,139291,30208755,308924,76968,-29200,119210820,36538
2017-01-04,44142,122893,21979712,267801,91358,121916,32241443,196401,-47216,977,-10261731,71400,7068,520,6960050,169,49597,520,83353729,243,-42529,0,-76393679,-74,107186,109851,146259661,339477,32779,132533,31134247,295927,74407,-22682,115125414,43550
2017-01-05,51077,148809,27869547,312530,93723,145322,34721763,259458,-42646,3487,-6852216,53072,7501,520,7376895,163,48529,520,82436106,341,-41028,0,-75059211,-178,118934,115039,161860236,363343,31905,140442,30548235,279875,87029,-25403,131312001,83468
2017-01-06,53892,169449,29275319,336004,96589,155058,35159347,286483,-42697,14391,-5884028,49521,7361,520,7223487,148,48427,520,82448416,361,-41066,0,-75224929,-213,119521,120631,164908508,378497,32489,143680,30379853,283259,87032,-23049,134528655,95238
2017-01-09,54048,179928,28045462,343803,94849,177767,32626948,313265,-40801,2161,-4581486,30538,7276,520,7051221,111,48730,520,82816208,277,-41454,0,-75764987,-166,116210,125512,159023211,366958,35754,150069,32489561,287831,80456,-24557,126533650,79127
2017-01-10,53157,189751,26029516,346371,96611,176103,33387563,298071,-43454,13648,-7358047,48300,7213,520,6932334,76,48650,520,82806039,226,-41437,0,-75873705,-150,120853,129105,164517777,368292,35835,153905,32118234,287043,85018,-24800,132399543,81249
2017-01-11,53901,135073,26078051,303811,98285,143838,34011792,251133,-44384,-8765,-7933741,52678,7148,520,6804677,66,48125,520,82018070,196,-40977,0,-75213393,-130,121066,130717,164288487,370593,38316,157066,35834941,294579,82750,-26349,128453546,76014
2017-01-12,61788,163731,31646131,386253,100016,162850,34733532,324786,-38228,881,-3087401,61467,7212,520,6973153,102,47450,520,81541269,374,-40238,0,-74568116,-272,129764,139143,179863821,454486,37310,165749,33709257,311147,92454,-26606,146154564,143339
2017-01-13,62042,166058,31898048,334367,101024,204307,35673285,329974,-38982,-38249,-3775237,4393,6866,520,6740655,52,47720,520,81871607,220,-40854,0,-75130952,-168,120995,142570,168921572,433853,39364,181591,37265090,333872,81631,-39021,131656482,99981
2017-01-16,61236,180471,34422724,331967,102213,227248,40050662,350163,-40977,-46777,-5627938,-18196,6434,860,5902714,667,48741,860,83005829,841,-42307,0,-77103115,-174,121234,150291,171963258,418629,50867,193895,56050742,367789,70367,-43604,115912516,50840
2017-01-17,63605,206066,37030018,387201,99856,240517,38030504,394359,-36251,-34451,-1000486,-7158,6580,860,6205190,658,48385,860,82785179,932,-41805,0,-76579989,-274,131330,162283,187168183,486064,50120,200352,58071417,371892,81210,-38069,129096766,114172
2017-01-18,40931,126241,21126262,295834,74688,115857,29656453,295107,-33757,10384,-8530191,727,6464,380,5977815,595,49168,380,84078370,807,-42704,0,-78100555,-212,106551,120424,154542723,451768,37810,109886,44200089,356093,68741,10538,110342634,95675
2017-01-19,50768,202748,35939443,778229,86915,208024,44036094,695501,-36147,-5276,-8096651,82728,6438,380,5936434,608,49153,380,83939690,782,-42715,0,-78003256,-174,107476,126270,154662120,469356,39557,131217,44660851,445498,67919,-4947,110001269,23858
2017-01-20,51485,226704,34785525,807507,90894,237174,45811272,672666,-39409,-10470,-11025747,134841,6442,380,5948275,587,49231,380,84371529,833,-42789,0,-78423254,-246,112828,129830,162258517,481490,38824,148726,43004899,450834,74004,-18896,119253618,30656
2017-01-23,55632,255359,35328379,857695,96276,253617,48775697,682504,-40644,1742,-13447318,175191,6939,380,6744612,627,47974,380,82704394,991,-41035,0,-75959782,-364,116444,138073,167794829,517151,35261,163177,36832694,444450,81183,-25104,130962135,72701
2017-01-24,57771,274507,35963052,861250,100973,259225,49594855,680922,-43202,15282,-13631803,180328,6892,380,6678453,652,47965,4080,82996065,7125,-41073,-3700,-76317612,-6473,114713,146347,165727817,527291,32095,178328,30872876,439694,82618,-31981,134854941,87597
2017-02-02,58262,235776,36771022,728139,99843,207596,48214922,583198,-41581,28180,-11443900,144941,6981,380,6802255,310,48315,380,83062573,612,-41334,0,-76260318,-302,108904,143386,155150383,443024,36592,158306,30748859,401878,72312,-14920,124401524,41146
2017-02-03,63583,251491,40512411,748153,102639,240812,49440427,622701,-39056,10679,-8928016,125452,6995,380,6863473,408,48306,380,83579570,844,-41311,0,-76716097,-436,110411,146572,159305132,482033,39297,167362,27773565,411239,71114,-20790,131531567,70794
2017-02-06,68552,290935,44212476,870256,111401,261942,52279971,707581,-42849,28993,-8067495,162675,7255,380,7081674,561,47662,380,82952314,1132,-40407,0,-75870640,-571,116585,160098,166821771,557672,39272,184701,27180514,458699,77313,-24603,139641257,98973
2017-02-07,71779,301868,47136975,919141,116269,278977,52112120,749372,-44490,22891,-4975145,169769,7047,380,6693696,590,47681,380,83120923,1213,-40634,0,-76427227,-623,121194,166033,171759054,602194,41246,196503,28736801,522727,79948,-30470,143022253,79467
2017-02-08,68932,261188,41596304,834594,120203,214880,51244198,638798,-51271,46308,-9647894,195796,6999,380,6462241,519,47702,380,83041311,1135,-40703,0,-76579070,-616,123556,173146,176460055,608001,45346,201259,34675413,545092,78210,-28113,141784642,62909
2017-02-09,70271,271933,41230027,922058,116996,231838,46446647,752719,-46725,40095,-5216620,169339,7051,380,6598153,785,47384,380,82927795,1559,-40333,0,-76329642,-774,130595,179424,187215445,660247,45995,214203,32010464,535538,84600,-34779,155204981,124709
2017-02-10,71557,313844,40974596,1259919,124296,230338,55204675,899319,-52739,83506,-14230079,360600,7064,380,6679872,1391,46619,380,82166994,2241,-39555,0,-75487122,-850,134826,189926,198005691,862662,47957,225300,36493332,629750,86869,-35374,161512359,232912
2017-02-13,72898,317121,43362005,1366431,121257,247919,54489014,1040564,-48359,69202,-11127009,325867,7116,380,6782747,1781,46268,380,81789492,2623,-39152,0,-75006745,-842,139053,197020,208716625,961327,55061,227181,48975701,647547,83992,-30161,159740924,313780
2017-02-14,70623,342605,47007480,1441041,123222,252081,63852395,1068548,-52599,90524,-16844915,372493,6820,380,6534406,1799,46269,380,81844914,2649,-39449,0,-75310508,-850,140498,203879,211100011,990808,60108,230985,56032858,664453,80390,-27106,155067153,326355
2017-02-15,44936,170887,23064151,559501,89221,130240,36476427,394262,-44285,40647,-13412276,165239,6748,340,6497797,642,45399,340,81016948,816,-38651,0,-74519151,-174,119072,148250,182334405,992566,40688,134586,32747969,458304,78384,13664,149586436,534262
2017-02-16,45196,199705,22644434,588688,96860,187678,38601235,467546,-51664,12027,-15956801,121142,6865,340,6379557,642,45720,340,81392242,769,-38855,0,-75012685,-127,113413,153360,172557104,951757,46059,154604,38416100,494499,67354,-1244,134141004,457258
2017-02-17,46401,212970,23108535,617733,100498,200375,39985975,485442,-54097,12595,-16877440,132291,7020,340,6263599,565,46062,340,81995560,697,-39042,0,-75731961,-132,113943,156362,171687039,929463,47257,161711,38002725,501336,66686,-5349,133684314,428127
2017-02-18,47330,218636,25041382,579820,101670,213903,39095020,506583,-54340,4733,-14053638,73237,6793,340,6163419,527,46054,340,82171696,672,-39261,0,-76008277,-145,114180,156606,172262207,937864,47140,162938,37900436,483982,67040,-6332,134361771,453882
2017-02-20,49174,232667,25737613,577704,107034,224160,44823945,492735,-57860,8507,-19086332,84969,6943,340,6136919,472,46214,340,82362268,574,-39271,0,-76225349,-102,113874,158596,169949220,889677,49617,165505,40460283,481274,64257,-6909,129488937,408403
2017-02-21,50668,246651,26909397,594181,108088,250403,44161421,535235,-57420,-3752,-17252024,58946,6884,340,6084136,408,46217,340,82340327,527,-39333,0,-76256191,-119,113256,165646,166452264,894795,50914,174158,42988277,524341,62342,-8512,123463987,370454
2017-02-22,50934,193393,24946823,597884,107137,183841,41264890,500050,-56203,9552,-16318067,97834,6642,340,6002041,387,45876,340,81799806,527,-39234,0,-75797765,-140,112095,167055,164629343,938606,55945,174451,46823061,578226,56150,-7396,117806282,360380
2017-02-23,51775,227334,24190828,616423,111492,218741,44438417,489276,-59717,8593,-20247589,127147,6612,340,5998111,340,45960,340,81804375,451,-39348,0,-75806264,-111,114634,172787,169421193,910035,52435,184467,44086261,568099,62199,-11680,125334932,341936
2017-02-24,53650,236804,24922853,606016,113709,249022,44498531,490053,-60059,-12218,-19575678,115963,6210,340,5536192,340,46208,340,82179998,425,-39998,0,-76643806,-85,115531,186516,170668695,911478,53652,201557,45858516,596076,61879,-15041,124810179,315402
2017-03-01,54272,198564,25463340,537535,113809,208804,42925977,460933,-59537,-10240,-17462637,76602,5968,340,5025651,301,46979,340,82913363,268,-41011,0,-77887712,33,111104,187706,162000649,819064,62319,202705,56891629,641115,48785,-14999,105109020,177949
2017-03-02,55924,224251,26275506,567265,116032,249647,43531521,484199,-60108,-25396,-17256015,83066,6095,340,5272670,247,46864,340,82721323,225,-40769,0,-77448653,22,111164,194121,159218570,814017,61194,214028,56892625,638672,49970,-19907,102325945,175345
2017-03-03,56407,244895,27593232,578025,118838,274830,43477436,521282,-62431,-29935,-15884204,56743,6021,340,5098362,271,46886,340,82238438,164,-40865,0,-77140076,107,113450,201806,159580427,772014,62083,222318,59089063,693229,51367,-20512,100491364,78785
2017-03-06,57154,273763,26676694,566460,117352,274766,42430675,497471,-60198,-1003,-15753981,68989,6026,340,5133647,139,46720,340,82028842,109,-40694,0,-76895195,30,116235,217504,164262044,773235,58682,227546,54751126,617796,57553,-10042,109510918,155439
2017-03-07,61760,274075,31270662,522529,122136,273957,44973893,481949,-60376,118,-13703231,40580,6347,340,5737870,68,46490,340,81638387,77,-40143,0,-75900517,-9,115704,221039,163045960,765340,56957,236152,51777678,543758,58747,-15113,111268282,221582
2017-03-08,63231,209508,31027819,455223,121971,208950,43781589,415088,-58740,558,-12753770,40135,6413,340,5873042,48,45801,340,80444913,69,-39388,0,-74571871,-21,116731,232396,164333458,764949,58907,242270,53341541,518175,57824,-9874,110991917,246774
2017-03-09,63055,207843,32092344,468913,127891,228408,47575365,443529,-64836,-20565,-15483021,25384,6146,340,5301622,96,46630,340,81239167,37,-40484,0,-75937545,59,110975,233477,152490745,683157,65860,264842,61319157,628684,45115,-31365,91171588,54473
2017-03-10,59016,219855,28053393,468167,128361,236591,45196145,404946,-69345,-16736,-17142752,63221,6083,340,5170205,69,46710,340,81312537,20,-40627,0,-76142332,49,113028,225456,152543073,645667,68279,284632,66824904,630805,44749,-59176,85718169,14862
2017-03-13,61111,246771,31822949,471559,125673,233810,43570522,397160,-64562,12961,-11747573,74399,6075,340,5109111,20,46012,340,80496045,9,-39937,0,-75386934,11,119869,227208,165766901,662886,67225,283942,66129282,521361,52644,-56734,99637619,141525
2017-03-14,66667,248801,36163038,478395,122433,235988,44182928,428255,-55766,12813,-8019890,50140,6382,680,5737393,632,44920,680,79057253,705,-38538,0,-73319860,-73,120533,234275,166226087,755448,65053,284813,62305489,488447,55480,-50538,103920598,267001
2017-03-15,36366,123933,15715655,369149,87330,96563,32458291,232385,-50964,27370,-16742636,136764,6168,340,5720403,633,44893,340,78862726,680,-38725,0,-73142323,-47,105146,113866,148364869,441113,42594,147722,38853783,418680,62552,-33856,109511086,22433
2017-03-16,43489,154430,21644867,448955,94473,129869,35882502,296655,-50984,24561,-14237635,152300,6197,340,5837466,621,43978,340,78028406,871,-37781,0,-72190940,-250,112263,128337,160004200,519532,41444,160736,36933040,365195,70819,-32399,123071160,154337
2017-03-17,47430,153396,25109654,456493,97017,150997,34703630,350975,-49587,2399,-9593976,105518,6381,340,6219069,667,43767,340,77980042,967,-37386,0,-71760973,-300,113175,133411,160777367,561738,43171,165732,38919752,352913,70004,-32321,121857615,208825
2017-03-20,48236,160085,25385720,440589,98645,169972,32841846,376617,-50409,-9887,-7456126,63972,6300,340,6061417,646,43545,340,77591573,952,-37245,0,-71530156,-306,113992,136218,160715895,565477,44705,167993,39697607,350024,69287,-31775,121018288,215453
2017-03-21,51807,197887,30290340,518409,102167,176808,35435685,443887,-50360,21079,-5145345,74522,6427,340,6356923,819,43080,340,77204367,1242,-36653,0,-70847444,-423,117766,149165,168267480,663455,49361,173529,48278835,354676,68405,-24364,119988645,308779
2017-03-22,46097,136387,23936879,393677,101905,145942,31114940,399503,-55808,-9555,-7178061,-5826,6339,340,6138806,642,43555,340,77842812,966,-37216,0,-71704006,-324,117009,154974,162498468,591746,50106,176730,48003191,375161,66903,-21756,114495277,216585
2017-03-23,47125,162052,24854126,416616,103873,184842,31322899,425127,-56748,-22790,-6468773,-8511,6502,340,6247935,633,43932,340,78919904,987,-37430,0,-72671969,-354,113165,161582,158675024,610232,52491,179829,51698286,366976,60674,-18247,106976738,243256
2017-03-24,45737,170817,22790604,433581,105003,201534,31293746,421310,-59266,-30717,-8503142,12271,6466,340,6176092,621,43978,340,78939731,954,-37512,0,-72763639,-333,115655,165514,161687967,612694,51051,187447,48296352,390534,64604,-21933,113391615,222160
2017-03-27,44440,199277,20241705,479195,106002,222031,34527692,405385,-61562,-22754,-14285987,73810,6403,340,6031488,531,44446,340,79592228,812,-38043,0,-73560740,-281,121779,170358,172089720,579028,51041,197700,49371049,414797,70738,-27342,122718671,164231
2017-03-28,44085,199464,21217499,461280,104130,254934,36250622,427844,-60045,-55470,-15033123,33436,6017,340,5275724,514,44286,340,79420114,813,-38269,0,-74144390,-299,118983,178063,168221931,602602,52607,201995,53058307,404413,66376,-23932,115163624,198189
2017-03-29,44660,163734,19814416,447850,103741,186143,34140950,426418,-59081,-22409,-14326534,21432,5973,340,5399352,442,44524,340,79695605,709,-38551,0,-74296253,-267,116181,178809,162860273,586137,53778,200240,52133201,420492,62403,-21431,110727072,165645
2017-03-30,43878,186853,18970864,464469,107284,223332,36093522,418138,-63406,-36479,-17122658,46331,6037,340,5510817,374,44563,340,79552051,616,-38526,0,-74041234,-242,117684,185812,164617556,576056,51552,212952,49552956,424312,66132,-27140,115064600,151744
2017-03-31,42534,202163,18851444,463412,113554,236435,39078118,403185,-71020,-34272,-20226674,60227,5837,340,5105592,310,44780,340,79756024,490,-38943,0,-74650432,-180,117138,183470,163652559,542185,51488,226881,51951483,438015,65650,-43411,111701076,104170
2017-04-05,52631,170173,28986982,471891,112900,181478,38275570,398456,-60269,-11305,-9288588,73435,6091,340,5767156,541,43709,340,78779838,973,-37618,0,-73012682,-432,126487,181732,179866968,636505,52063,220002,54439608,383725,74424,-38270,125427360,252780
2017-04-06,47089,180873,25087558,437491,116622,233097,38453994,438082,-69533,-52224,-13366436,-591,6145,340,5836075,332,43813,340,78448577,635,-37668,0,-72612502,-303,120787,183442,166893208,563664,53597,241300,55943484,409201,67190,-57858,110949724,154463
2017-04-07,48173,184679,27310079,410387,118238,247834,36012289,462202,-70065,-63155,-8702210,-51815,5841,340,5217173,230,44418,340,79392129,480,-38577,0,-74174956,-250,113495,187303,151615395,536702,53395,267671,53246044,441845,60100,-80368,98369351,94857
2017-04-10,50717,192179,28566459,421573,119226,255084,35924106,453898,-68509,-62905,-7357647,-32325,5838,340,5213354,209,44328,340,79319264,469,-38490,0,-74105910,-260,113038,189866,152406517,548789,52447,272397,50047937,442899,60591,-82531,102358580,105890
2017-04-11,49951,213387,26483479,490030,125172,264804,40282128,469782,-75221,-51417,-13798649,20248,5779,340,5074488,112,44529,340,79259339,255,-38750,0,-74184851,-143,113963,192775,152814835,536865,54591,290863,51776231,588015,59372,-98088,101038604,-51150
2017-04-12,49131,190864,21950855,500678,125836,196695,40174347,406194,-76705,-5831,-18223492,94484,5743,340,5003506,63,44556,340,79295389,167,-38813,0,-74291883,-104,118384,192992,158092242,523109,54090,269990,50027168,584565,64294,-76998,108065074,-61456
2017-04-13,53053,223841,27196200,539316,128461,209203,44935011,389817,-75408,14638,-17738811,149499,5807,340,5141870,45,44295,340,78967632,193,-38488,0,-73825762,-148,121193,201090,162664875,541766,52138,296005,49502848,562781,69055,-94915,113162027,-21015
2017-04-14,50142,209841,24312048,577178,130254,232778,41148274,508991,-80112,-22937,-16836226,68187,5736,340,4938852,68,45192,340,79666193,53,-39456,0,-74727341,15,117247,209572,153772698,537692,57331,326908,56086865,799362,59916,-117336,97685833,-261670
2017-04-17,52128,215297,26576093,541417,128296,249457,40580823,471552,-76168,-34160,-14004730,69865,5666,340,4806322,14,45261,340,79819789,12,-39595,0,-75013467,2,120672,220702,158864610,519868,58030,344663,59141162,707054,62642,-123961,99723448,-187186
2017-04-18,57265,224380,34196638,530708,126855,278581,40636344,494928,-69590,-54201,-6439706,35780,5682,340,4837150,7,45150,340,79680611,6,-39468,0,-74843461,1,118124,220524,153390016,505222,62840,348306,65062250,657808,55284,-127782,88327766,-152586
2017-04-19,34877,140021,19802784,442856,95620,158540,30307509,390838,-60743,-18519,-10504725,52018,5958,340,5058654,825,45789,340,80253465,723,-39831,0,-75194811,102,99306,127630,129480639,423092,47269,162154,47823565,686449,52037,-34524,81657074,-263357
2017-04-20,36188,179842,20204652,482838,97491,193798,31444678,412091,-61303,-13956,-11240026,70747,5984,340,5108521,755,46133,340,80640654,633,-40149,0,-75532133,122,100954,130793,131690262,413956,44015,182208,45241391,659823,56939,-51415,86448871,-245867
2017-04-21,42518,206028,25754836,474582,98861,207151,34530937,397348,-56343,-1123,-8776101,77234,5936,340,5316774,544,44963,340,79282448,540,-39027,0,-73965674,4,101719,149608,135527798,430509,39314,219232,37998073,519992,62405,-69624,97529725,-89483
2017-04-24,45370,209588,26124929,448655,102405,212644,36580873,363616,-57035,-3056,-10455944,85039,6168,340,5768406,429,44508,340,78466649,421,-38340,0,-72698243,8,101201,150743,135929602,404028,42267,217074,42386637,475523,58934,-66331,93542965,-71495
2017-04-25,53831,249397,34081294,521351,103635,220686,38226914,412309,-49804,28711,-4145620,109042,6243,340,5975353,349,43620,340,77595813,519,-37377,0,-71620460,-170,108499,155169,147810614,467984,37982,227406,35737239,396652,70517,-72237,112073375,71332
2017-04-26,52768,205308,29685756,472885,107624,176732,39587311,355073,-54856,28576,-9901555,117812,6271,340,6042673,378,43065,340,76716051,590,-36794,0,-70673378,-212,110116,152190,151250900,468878,40916,201471,37647861,382500,69200,-49281,113603039,86378
2017-04-27,54410,226129,29260925,478315,109114,213873,40047600,386374,-54704,12256,-10786675,91941,6267,340,6031871,336,43271,340,76868971,553,-37004,0,-70837100,-217,112886,157892,154096439,465969,44435,227111,38553989,395357,68451,-69219,115542450,70612
2017-04-28,55618,241344,30305386,482172,107400,235683,38759362,424368,-51782,5661,-8453976,57804,6311,340,6128216,316,43038,340,76550013,547,-36727,0,-70421797,-231,116245,159027,158959939,457307,44779,239271,40172281,380967,71466,-80244,118787658,76340
2017-05-02,60963,260365,35596812,570931,109021,236264,44773454,461041,-48058,24101,-9176642,109890,6362,340,6308777,400,42514,340,76086433,773,-36152,0,-69777656,-373,121481,164733,168905995,522444,44762,243324,39674292,361730,76719,-78591,129231703,160714
2017-05-03,61747,238422,36089054,540597,111807,191728,46251710,405233,-50060,46694,-10162656,135364,6548,340,6453457,394,42375,340,76095930,788,-35827,0,-69642473,-394,123163,167308,170825502,532710,45214,237907,40237176,364105,77949,-70599,130588326,168605
2017-05-04,65842,245241,41049274,562157,111328,236927,44748664,487053,-45486,8314,-3699390,75104,6528,340,6426681,445,42399,340,76311303,910,-35871,0,-69884622,-465,123628,177772,172319086,568099,45185,248950,40008207,367524,78443,-71178,132310879,200575
2017-05-05,60768,256624,34390244,506981,112497,259786,43616303,470129,-51729,-3162,-9226059,36852,6261,340,6048125,245,43318,340,77612764,528,-37057,0,-71564639,-283,120113,181509,164765274,494673,44359,273233,40000234,417154,75754,-91724,124765040,77519
2017-05-08,64986,266270,37566532,503967,113755,274528,42675027,471210,-48769,-8258,-5108495,32757,6352,340,6249722,248,43575,340,78197679,605,-37223,0,-71947957,-357,120330,187678,162692441,516941,43786,278290,39664797,373184,76544,-90612,123027644,143757
2017-05-09,67885,296584,39393409,544243,115917,281578,46278665,494256,-48032,15006,-6885256,49987,6259,340,6061443,189,43669,340,78143138,489,-37410,0,-72081695,-300,125186,211901,168265234,520755,42149,282619,40116201,394342,83037,-70718,128149033,126413
2017-05-10,72697,261712,44008192,542391,117323,227233,47049045,487087,-44626,34479,-3040853,55304,6249,340,6061204,264,43205,340,77650803,696,-36956,0,-71589599,-432,126777,217463,171878259,589372,42565,271972,38829644,377603,84212,-54509,133048615,211769
2017-05-11,81393,263246,52769966,556552,116052,258563,47682370,573794,-34659,4683,5087596,-17242,6227,340,6079097,354,42627,340,76860845,879,-36400,0,-70781748,-525,128218,213698,174601027,635260,41782,275389,38439498,363425,86436,-61691,136161529,271835
2017-05-12,79564,275668,49828400,541668,115993,288801,47833838,581523,-36429,-13133,1994562,-39855,5882,340,5942860,258,42418,340,76566050,793,-36536,0,-70623190,-535,128532,214063,174739458,609616,41407,277987,38385729,359461,87125,-63924,136353729,250155
2017-05-15,80829,291939,53304398,621017,115023,286341,48183344,640608,-34194,5598,5121054,-19591,5891,340,5985118,363,42478,340,76973705,1098,-36587,0,-70988587,-735,133761,226603,185658591,691616,48789,282960,49676845,379438,84972,-56357,135981746,312178
2017-05-16,76687,301754,48514993,608883,118539,289554,51838104,617322,-41852,12200,-3323111,-8439,5834,340,5866984,274,42458,340,76878008,1039,-36624,0,-71011024,-765,131897,228018,183731164,658436,51736,288487,52972859,373665,80161,-60469,130758305,284771
2017-05-17,42060,159983,25885586,355441,87579,152315,37960803,344227,-45519,7668,-12075217,11214,5759,360,5702681,842,42481,360,76734823,1296,-36722,0,-71032142,-454,111104,144927,162392819,526453,37621,139094,33829301,288172,73483,5833,128563518,238281
2017-05-18,47014,199950,28875041,457796,95670,204355,42963374,413106,-48656,-4405,-14088333,44690,5422,360,5025454,851,42952,360,77453393,1251,-37530,0,-72427939,-400,118088,151666,171207009,506231,39139,168669,34687450,349631,78949,-17003,136519559,156600
2017-05-19,47339,219708,28291478,482002,96740,247623,42819587,438265,-49401,-27915,-14528109,43737,5433,360,5039516,824,42943,360,77289858,1143,-37510,0,-72250342,-319,114642,156715,165726120,483910,43062,182025,37825563,374607,71580,-25310,127900557,109303
2017-05-22,54000,229226,35718338,479862,97660,269529,41635531,466132,-43660,-40303,-5917193,13730,5671,360,5533878,671,43313,360,78354351,1103,-37642,0,-72820473,-432,114180,159087,164843429,500340,42733,186218,36681180,335060,71447,-27131,128162249,165280
2017-05-23,57793,242862,37419916,486147,99399,281154,42106944,501122,-41606,-38292,-4687028,-14975,5606,360,5417102,585,43235,360,78359985,1071,-37629,0,-72942883,-486,119216,172151,170531725,528805,44062,187802,37258909,322628,75154,-15651,133272816,206177
2017-05-24,61877,211604,40560979,452447,102500,215057,43024095,435307,-40623,-3453,-2463116,17140,5613,360,5441752,509,43269,360,78627010,1080,-37656,0,-73185258,-571,121714,170826,173828184,544384,45233,179716,38120320,307498,76481,-8890,135707864,236886
2017-05-25,68076,245891,44718210,558323,107570,259200,47798929,538358,-39494,-13309,-3080719,19965,5573,360,5706662,603,42758,300,78351706,1019,-37185,60,-72645044,-416,130139,182598,189331337,686314,46469,189229,39784307,295707,83670,-6631,149547030,390607
2017-05-26,65117,269023,40214572,580797,110318,289512,48076073,569628,-45201,-20489,-7861501,11169,5497,360,5524706,576,43345,300,78705319,972,-37848,60,-73180613,-396,125543,189565,180815195,671959,46592,197972,41951446,319045,78951,-8407,138863749,352914
2017-05-31,60945,234370,37283319,477607,110604,239769,45226119,512313,-49659,-5399,-7942800,-34706,5144,360,4805288,419,43961,300,79438879,708,-38817,60,-74633591,-289,123268,188251,174715279,554276,52821,196678,50997304,330082,70447,-8427,123717975,224194
2017-06-01,64156,251806,42119329,502674,110020,281873,42610773,591949,-45864,-30067,-491444,-89275,5156,360,4850042,401,43421,300,78805670,800,-38265,60,-73955628,-399,121380,192995,171804066,601798,52212,200926,51009820,312694,69168,-7931,120794246,289104
2017-06-02,67000,262025,45649663,579355,112086,299515,43909962,647914,-45086,-37490,1739701,-68559,5598,360,5772862,489,42935,300,78317423,1037,-37337,60,-72544561,-548,121869,198318,172345088,709087,51437,205888,48890736,306003,70432,-7570,123454352,403084
2017-06-03,68023,272653,46426800,600481,116489,309132,45412181,684497,-48466,-36479,1014619,-84016,5550,360,5687107,504,42929,300,78475699,1107,-37379,60,-72788592,-603,122401,200368,173243277,734488,51154,208461,48490020,298901,71247,-8093,124753257,435587
2017-06-05,72877,289678,52239233,663817,116889,308210,44072316,799021,-44012,-18532,8166917,-135204,5541,360,5691440,692,42445,300,77847606,1356,-36904,60,-72156166,-664,122851,202163,174786337,848213,51342,215466,47614738,315922,71509,-13303,127171599,532291
2017-06-06,73399,289621,51560950,612747,120252,305474,44670764,763059,-46853,-15853,6890186,-150312,5443,360,5531574,599,42482,300,77789419,1262,-37039,60,-72257845,-663,121750,202335,173288607,794758,52453,218814,48798704,320129,69297,-16479,124489903,474629
2017-06-07,73386,262042,49938816,555423,121047,272819,46630177,706569,-47661,-10777,3308639,-151146,5529,360,5714586,581,42616,300,78008626,1263,-37087,60,-72294040,-682,122219,202543,175246103,788389,51114,212979,48450704,312581,71105,-10436,126795399,475808
2017-06-08,77212,274686,54669464,577540,122161,302271,45301617,778829,-44949,-27585,9367847,-201289,5559,360,5792721,653,42599,300,78157919,1364,-37040,60,-72365198,-711,123367,206242,177495884,837737,51429,222064,50969900,319557,71938,-15822,126525984,518180
2017-06-09,73523,288159,49578390,550798,127881,309383,48137800,720870,-54358,-21224,1440590,-170072,5384,360,5426286,482,42609,300,78035480,1221,-37225,60,-72609194,-739,124157,212271,178176346,753356,50386,224847,48532730,307917,73771,-12576,129643616,445439
2017-06-12,68380,344976,45460886,610583,133663,338061,53571453,756315,-65283,6915,-8110567,-145732,4992,360,4618839,249,43655,300,79584381,856,-38663,60,-74965542,-607,126189,213701,180877468,621557,51516,248620,52186174,374177,74673,-34919,128691294,247380
2017-06-13,69855,357435,47604971,592297,134435,361317,53763109,744057,-64580,-3882,-6158138,-151760,5020,360,4629560,231,43144,300,78689710,908,-38124,60,-74060150,-677,126543,215575,179654491,629018,52996,252728,54219004,355097,73547,-37153,125435487,273921
2017-06-14,68812,291409,46739830,531928,137368,322711,52689190,719056,-68556,-31302,-5949360,-187128,4955,360,4478478,103,43575,300,78908769,565,-38620,60,-74430291,-462,121322,209797,167924099,527276,53300,253552,55149774,410449,68022,-43755,112774325,116827
2017-06-15,69692,288402,48111311,517471,133329,354978,49627813,727632,-63637,-66576,-1516502,-210161,5012,360,4595545,52,43835,300,79295272,551,-38823,60,-74699727,-499,123346,212409,172302126,525324,56112,253799,60137732,383903,67234,-41390,112164394,141421
2017-06-16,72522,311923,49879954,585643,137468,358022,55574045,682936,-64946,-46099,-5694091,-97293,5327,360,5267807,108,42357,300,76778328,910,-37030,60,-71510521,-802,124230,216858,171667145,628078,49975,255690,50024943,338460,74255,-38832,121642202,289618
2017-06-19,76372,340121,52612518,729539,142456,359215,55725161,820986,-66084,-19094,-3112643,-91447,5455,360,5558598,453,41868,300,75932796,1448,-36413,60,-70374198,-995,129256,222655,182827743,839557,54035,263319,60586876,354398,75221,-40664,122240867,485159
2017-06-20,78913,363517,57250533,901629,145568,339409,60278545,1011755,-66655,24108,-3028012,-110126,5379,360,5537446,1127,41502,300,75648073,1940,-36123,60,-70110627,-813,131128,236350,187769878,1135911,54455,264321,63829738,388233,76673,-27971,123940140,747678
2017-06-21,32913,153304,23463307,410793,109968,161967,44033656,449632,-77055,-8663,-20570349,-38839,5469,350,5504280,613,40837,350,75257031,687,-35368,0,-69752751,-74,121314,115271,175643613,507973,29842,100880,43190450,221423,91472,14391,132453163,286550
2017-06-22,38159,173097,27987410,448968,115396,205536,44384019,526714,-77237,-32439,-16396609,-77746,5476,350,5554937,569,40503,350,74993372,735,-35027,0,-69438435,-166,121053,127834,175526932,600335,32570,118418,45442647,255262,88483,9416,130084285,345073
2017-06-23,39081,191895,27456993,486387,124243,235867,49257424,531850,-85162,-43972,-21800431,-45463,5783,350,6137189,543,39994,350,73838091,683,-34211,0,-67700902,-140,120479,133882,173303204,581684,33187,124897,45452046,271852,87292,8985,127851158,309832
2017-06-26,51402,233641,41366231,699487,130065,265835,51146400,921294,-78663,-32194,-9780169,-221807,5824,350,6334449,1037,38788,350,72587576,1474,-32964,0,-66253127,-437,119887,152250,177271771,1023669,37270,138723,55645391,366807,82617,13527,121626380,656862
2017-06-27,53237,243342,43050253,665378,138049,292951,52992393,983598,-84812,-49609,-9942140,-318220,5787,350,6249571,989,38637,350,72180398,1422,-32850,0,-65930827,-433,118667,157917,174026622,1009007,42760,145744,63778231,388101,75907,12173,110248391,620906
2017-06-28,52328,179435,37384561,532987,140044,237989,53706275,778022,-87716,-58554,-16321714,-245035,5561,350,5725863,766,39101,350,72392459,984,-33540,0,-66666596,-218,119008,147441,174316572,782138,47471,154965,65095885,394408,71537,-7524,109220687,387730
2017-06-29,55073,210287,38128509,565409,139918,277017,53307828,790690,-84845,-66730,-15179319,-225281,5234,350,5438134,700,39349,350,72818469,993,-34115,0,-67380335,-293,118184,153149,176797285,826635,48810,173857,67186031,405894,69374,-20708,109611254,420741
2017-06-30,55137,226555,38737116,565280,143907,307175,52505435,810318,-88770,-80620,-13768319,-245038,5281,350,5504823,648,39798,350,73439007,853,-34517,0,-67934184,-205,119652,161714,177231106,805084,51179,192192,71888454,460604,68473,-30478,105342652,344480
2017-07-03,57915,245514,42322158,544381,140682,316705,50230963,804955,-82767,-71191,-7908805,-260574,5336,350,5618788,578,39780,350,73648731,875,-34444,0,-68029943,-297,119284,162762,175601350,817561,51994,196561,72874687,436661,67290,-33799,102726663,380900
2017-07-04,58506,265519,40997372,530891,148060,312616,53078162,728743,-89554,-47097,-12080790,-197852,5342,350,5585182,446,40104,350,73790663,604,-34762,0,-68205481,-158,120894,166444,174049354,706871,54330,214339,75211525,475137,66564,-47895,98837829,231734
2017-07-05,59674,202025,40141729,528842,146690,254348,50989822,732532,-87016,-52323,-10848093,-203690,5339,350,5609038,494,39703,350,73592341,797,-34364,0,-67983303,-303,124158,162563,181747142,797567,51366,206752,72028599,440920,72792,-44189,109718543,356647
2017-07-06,60145,220351,42246789,525981,149558,318776,51505672,772613,-89413,-98425,-9258883,-246632,5378,350,5669666,407,39683,350,73324079,646,-34305,0,-67654413,-239,116940,164699,169427357,753028,53495,218452,73133920,473629,63445,-53753,96293437,279399
2017-07-07,59987,233875,43740053,525127,153168,340627,52209957,758676,-93181,-106752,-8469904,-233549,5219,350,5312342,350,40509,350,74529708,446,-35290,0,-69217366,-96,115457,167496,165718498,672284,55590,227662,77028488,522108,59867,-60166,88690010,150176
2017-07-10,59768,257163,41753740,526056,154480,345865,53925895,694225,-94712,-88702,-12172155,-168169,5257,350,5397230,241,40566,350,74674039,352,-35309,0,-69276809,-111,116658,169108,167719550,648856,56166,234396,77172102,487772,60492,-65288,90547448,161084
2017-07-11,70873,301309,53486790,604172,152079,344255,53886663,823314,-81206,-42946,-399873,-219142,5520,350,5995092,360,39143,350,72689879,773,-33623,0,-66694787,-413,117993,176782,175761896,849027,54088,243286,77402486,459765,63905,-66504,98359410,389262
2017-07-12,68959,221614,50013008,531552,153811,268273,52179838,738585,-84852,-46659,-2166830,-207033,5765,350,6519795,329,39147,350,72602557,722,-33382,0,-66082762,-393,115999,169068,169760214,807840,60082,259226,81839590,457765,55917,-90158,87920624,350075
2017-07-13,72158,258018,52878343,622348,150801,287130,50466311,859575,-78643,-29112,2412032,-237227,5822,350,6686345,541,38515,350,71802105,1176,-32693,0,-65115760,-635,114403,176997,165398827,990165,52543,272423,69703898,493777,61860,-95426,95694929,496388
2017-07-14,71663,265935,53796847,581488,151427,317329,50661059,837905,-79764,-51394,3135788,-256417,5838,350,6702948,406,38529,350,71622525,1010,-32691,0,-64919577,-604,113094,177331,161986744,909555,54890,278791,70296932,470194,58204,-101460,91689812,439361
2017-07-17,71640,290690,55997819,612024,152133,328406,50266309,883830,-80493,-37716,5731510,-271806,5896,350,6800643,502,38511,350,71397163,1228,-32615,0,-64596520,-726,117263,180534,171189432,957460,60562,284582,83245022,482263,56701,-104048,87944410,475197
2017-07-18,76402,311313,62980703,637156,151519,341286,51543050,953456,-75117,-29973,11437653,-316300,5926,350,6838621,614,38305,350,71093220,1437,-32379,0,-64254599,-823,113945,181666,164904948,1005871,59948,290277,78781708,501443,53997,-108611,86123240,504428
2017-07-19,40012,155800,27356738,325771,115979,117717,44708849,393134,-75967,38083,-17352111,-67363,6257,350,7035456,713,38315,350,71732449,796,-32058,0,-64696993,-83,99814,113986,147575923,745403,37742,148301,48202924,346150,62072,-34315,99372999,399253
2017-07-20,42373,177359,28016319,327858,124477,168495,44550257,450818,-82104,8864,-16533938,-122960,6303,350,7170825,656,38380,350,71896558,757,-32077,0,-64725733,-101,98530,122050,144179945,767165,41569,171628,50617364,365161,56961,-49578,93562581,402004
2017-07-21,42942,193106,28874691,318339,129683,209788,47236333,467724,-86741,-16682,-18361642,-149385,6257,350,7024747,674,38997,350,72731460,643,-32740,0,-65706713,31,97055,121827,140660017,678647,46131,177445,53433432,360470,50924,-55618,87226585,318177
2017-07-24,46526,227985,28944765,338888,133995,216379,47761853,479722,-87469,11606,-18817088,-140834,6092,350,6702309,556,39294,350,73568865,604,-33202,0,-66866556,-48,100847,125320,148376103,702966,45709,181088,49327016,356351,55138,-55768,99049087,346615
2017-07-25,51420,228991,34316223,329531,136005,229985,46004880,516943,-84585,-994,-11688657,-187412,6078,350,6667990,525,39296,350,73587859,560,-33218,0,-66919869,-35,97521,126650,141965146,701653,49308,183457,51968897,355984,48213,-56807,89996249,345669
2017-07-26,49761,185070,32096222,311558,143228,180915,46167757,478967,-93467,4155,-14071535,-167409,6358,350,7213419,503,38925,350,72580078,477,-32567,0,-65366659,26,99013,125071,143285572,637660,53270,178948,57055437,343975,45743,-53877,86230135,293685
2017-07-27,54424,243301,32320535,440392,140454,200493,47424051,570005,-86030,42808,-15103516,-129613,6116,350,7298926,398,38448,350,72398074,626,-32332,0,-65099148,-228,107479,134146,160155544,792426,51232,188863,54992068,367243,56247,-54717,105163476,425183
2017-07-28,54061,232657,36823137,359483,143256,244475,47463436,609788,-89195,-11818,-10640299,-250305,5609,350,6210627,438,39392,350,73277535,429,-33783,0,-67066908,9,99059,134434,145634616,657264,57162,213225,63077634,390892,41897,-78791,82556982,266372
2017-07-31,54097,259619,35509111,376997,144838,250102,47568306,587963,-90741,9517,-12059195,-210966,5608,350,6210902,368,39730,350,74058344,385,-34122,0,-67847442,-17,99123,140580,145840088,675993,55536,225652,60192890,389267,43587,-85072,85647198,286726
2017-08-01,53443,265337,34414146,400144,146595,238729,46717454,577311,-93152,26608,-12303308,-177167,5723,350,6460125,333,39269,350,73105441,381,-33546,0,-66645316,-48,96803,144414,141512513,689650,55040,229392,58831527,390293,41763,-84978,82680986,299357
2017-08-02,56964,220877,35627109,381559,146813,187262,44738217,546852,-89849,33615,-9111108,-165293,5924,350,6926375,306,38936,350,73020961,522,-33012,0,-66094586,-216,104673,145459,153803910,792104,54273,219380,58329721,402867,50400,-73921,95474189,389237
2017-08-03,58124,249163,40290540,397025,148800,260742,45968821,682286,-90676,-11579,-5678281,-285261,5544,350,6116558,315,39177,350,73286067,442,-33633,0,-67169509,-127,101959,153634,149917835,809593,55689,260077,60970288,509506,46270,-106443,88947547,300087
2017-08-04,62028,262055,43695227,436918,148522,275756,44991960,749759,-86494,-13701,-1296733,-312841,5556,350,6152279,302,39111,350,73365082,501,-33555,0,-67212803,-199,104270,159728,154132027,906233,56758,276075,61922965,593892,47512,-116347,92209062,312341
2017-08-07,64927,291286,45826514,549680,151748,266044,46271576,840008,-86821,25242,-445062,-290328,5627,350,6352284,351,38522,350,72759704,747,-32895,0,-66407420,-396,107329,167345,160466457,1079321,59286,288956,64418119,654646,48043,-121611,96048338,424675
2017-08-08,67222,295301,49309072,536614,154728,290412,46406357,868924,-87506,4889,2902715,-332310,5647,350,6392765,307,38539,350,72763597,716,-32892,0,-66370832,-409,104879,168606,156836371,1059952,59989,305973,65478635,669227,44890,-137367,91357736,390725
2017-08-09,65550,254860,46272384,472217,159466,258644,49870481,807264,-93916,-3784,-3598097,-335047,5789,350,6657299,206,39010,350,73301345,435,-33221,0,-66644046,-229,103248,163273,153196977,948073,59005,307218,65435619,698112,44243,-143945,87761358,249961
2017-08-10,61673,304235,40084988,568335,161058,283503,52470422,806262,-99385,20732,-12385434,-237927,5696,350,6392452,224,39978,560,74418692,942,-34282,-210,-68026240,-718,98135,166611,141187759,852775,57995,388267,67205846,838357,40140,-221656,73981913,14418
2017-08-11,61940,333361,39148892,675247,160460,303131,53767752,803804,-98520,30230,-14618860,-128557,5749,350,6438330,242,40047,560,74303030,983,-34298,-210,-67864700,-741,100879,173056,147988754,882440,59477,429223,69894347,974237,41402,-256167,78094407,-91797
2017-08-14,61504,352046,41415853,732132,166213,329395,60696019,832698,-104709,22651,-19280166,-100566,5623,350,6166978,277,40900,1760,75335772,3281,-35277,-1410,-69168794,-3004,97298,175503,136172760,849763,49722,429030,53699416,1041000,47576,-253527,82473344,-191237
2017-08-15,64216,363130,43331459,634673,155379,342504,51423776,738880,-91163,20626,-8092317,-104207,5628,350,6223768,38,40848,1550,75682694,1425,-35220,-1200,-69458926,-1387,101367,181754,144456580,862716,55905,434306,66267097,815231,45462,-252552,78189483,47485
2017-08-16,40280,218194,29375967,467855,121122,170683,42542044,500025,-80842,47511,-13166077,-32170,5883,350,6399681,809,40707,350,75507154,801,-34824,0,-69107473,8,92661,139376,130029122,791447,39954,225699,50405632,753714,52707,-86323,79623490,37733
2017-08-17,49455,275401,33145452,513586,131346,227148,47108340,548484,-81891,48253,-13962888,-34898,5971,350,6625798,665,40161,350,74923204,744,-34190,0,-68297406,-79,98335,149971,141424725,834012,40334,244460,49520956,676154,58001,-94489,91903769,157858
2017-08-18,51143,294588,33942285,589873,137362,277455,46903847,667653,-86219,17133,-12961562,-77780,5984,350,6627251,735,40058,350,74424893,757,-34074,0,-67797642,-22,96066,152018,138429378,821095,39135,260243,46644920,759696,56931,-108225,91784458,61399
2017-08-21,55122,309099,36892299,606851,138835,286231,46910354,673098,-83713,22868,-10018055,-66247,5987,350,6641181,678,40026,350,74444077,718,-34039,0,-67802896,-40,98758,154117,140624299,814845,41740,263797,46188289,742373,57018,-109680,94436010,72472
2017-08-22,58892,366385,37847702,723367,145074,296809,53999550,678336,-86182,69576,-16151848,45031,6090,350,6904114,547,39591,350,74120903,700,-33501,0,-67216789,-153,104603,169974,150087548,888306,43268,269618,45909429,687000,61335,-99644,104178119,201306
2017-08-23,57141,291519,35019398,569986,145815,208003,51743731,543783,-88674,83516,-16724333,26203,6070,350,6875925,490,39386,350,73806749,661,-33316,0,-66930824,-171,103772,165103,147759601,861332,45619,260098,49320388,660448,58153,-94995,98439213,200884
2017-08-24,64409,337176,38956118,649056,149715,230637,56787253,587979,-85306,106539,-17831135,61077,6124,350,7041452,547,38694,350,72986403,840,-32570,0,-65944951,-293,114408,179314,168903506,986490,46421,276318,48302004,636805,67987,-97004,120601502,349685
2017-08-25,66228,345057,40880305,669343,151786,263072,55414159,678530,-85558,81985,-14533854,-9187,6196,350,7224865,613,38454,350,72761067,980,-32258,0,-65536202,-367,115836,188448,168855771,1061669,47359,293095,49705588,661298,68477,-104647,119150183,400371
2017-08-28,65806,353964,40223261,718393,152712,269119,56705402,695000,-86906,84845,-16482141,23393,6511,350,7507197,608,39630,350,75275161,963,-33119,0,-67767964,-355,117508,198390,173559307,1150664,50304,307311,51313205,781968,67204,-108921,122246102,368696
2017-08-29,64501,366863,39081655,748180,159551,292933,58421873,715571,-95050,73930,-19340218,32609,6361,350,7175464,608,39644,350,75122781,932,-33283,0,-67947317,-324,115933,196740,168682707,1130350,49376,314465,49180934,832825,66557,-117725,119501773,297525
2017-08-30,69799,339465,42163645,791573,160329,221248,63588287,708878,-90530,118217,-21424642,82695,6443,350,7391657,696,40246,350,76862543,1131,-33803,0,-69470886,-435,118618,204317,179653538,1238279,54273,312460,53043725,864796,64345,-108143,126609813,373483
2017-08-31,70004,371748,41069332,823308,160718,252569,61303983,777989,-90714,119179,-20234651,45319,6408,350,7333585,744,40454,350,77443450,1215,-34046,0,-70109865,-471,119979,211545,181272205,1284839,56611,321892,55819095,883739,63368,-110347,125453110,401100
2017-09-01,73252,400378,43453708,870641,164280,253087,64350768,781259,-91028,147291,-20897060,89382,6398,350,7328597,792,40411,350,77536344,1308,-34013,0,-70207747,-516,123761,216806,188862436,1327717,56378,328746,55643071,877675,67383,-111940,133219365,450042
2017-09-04,72542,406836,42521164,865170,168997,256456,65314904,764922,-96455,150380,-22793740,100248,6313,350,7138162,709,40382,350,77316887,1191,-34069,0,-70178725,-482,125528,216366,191702599,1280514,55678,334341,54357401,900292,69850,-117975,137345198,380222
2017-09-05,75768,388396,43350802,863037,168404,278330,63098703,829115,-92636,110066,-19747901,33922,6170,350,7158658,801,41904,350,80888799,1341,-35734,0,-73730141,-540,123282,217212,189254299,1336324,57944,341850,55944728,911744,65338,-124638,133309571,424580
2017-09-06,74390,364747,42111858,836805,173184,254294,65921189,794669,-98794,110453,-23809331,42136,6013,350,6789348,564,43066,350,82864897,984,-37053,0,-76075549,-420,120893,216458,184397641,1224393,59792,348165,55603747,961499,61101,-131707,128793894,262894
2017-09-07,73355,417744,41032906,942093,173763,297789,68629966,828081,-100408,119955,-27597060,114012,5795,350,6533064,438,44117,350,85054961,818,-38322,0,-78521897,-380,123008,221606,188428390,1169127,62697,360915,58891892,986703,60311,-139309,129536498,182424
2017-09-08,78526,464360,43261617,997598,173212,315074,68477379,893757,-94686,149286,-25215762,103841,5881,350,6943454,627,46440,350,90618306,1117,-40559,0,-83674852,-490,133147,230092,206283938,1295954,61549,373163,56779262,979131,71598,-143071,149504676,316823
2017-09-11,78393,443283,45348588,874941,172829,337217,65866908,910605,-94436,106066,-20518320,-35664,5925,350,7040759,536,46885,350,91605456,1057,-40960,0,-84564697,-521,125025,225896,194175930,1263472,63556,385438,59482559,935032,61469,-159542,134693371,328440
2017-09-12,78268,462489,46676176,847008,173599,358224,66504425,901262,-95331,104265,-19828249,-54254,5788,350,6766443,548,47068,350,92098486,1093,-41280,0,-85332043,-545,126246,238439,196707178,1282438,61749,394354,57760607,878234,64497,-155915,138946571,404204
2017-09-13,77536,393735,46219157,740697,176449,301810,68453700,790799,-98913,91925,-22234543,-50102,5424,350,5959310,233,47911,350,93271514,623,-42487,0,-87312204,-390,125329,229204,195666891,1097392,67679,396592,67779753,848851,57650,-167388,127887138,248541
2017-09-14,78777,428292,48125548,752638,177069,314248,69448046,777900,-98292,114044,-21322498,-25262,5374,798,5862667,1731,48042,777,93601033,1166,-42668,21,-87738366,565,127212,233668,198417908,1086363,66804,407279,65839424,815645,60408,-173611,132578484,270718
2017-09-15,81562,430985,47945270,726239,177275,335122,68265705,805721,-95713,95863,-20320435,-79482,5395,798,5923147,1459,48032,777,93870912,1409,-42637,21,-87947765,50,128976,240297,203485463,1146357,65234,419906,62879816,802573,63742,-179609,140605647,343784
2017-09-18,81563,462765,53157945,815054,180483,340367,73665341,890774,-98920,122398,-20507396,-75720,5612,798,6424628,1311,47295,777,92848883,2211,-41683,21,-86424255,-900,140487,243810,226124449,1278166,72108,424810,77779742,794728,68379,-181000,148344707,483438
2017-09-19,82863,444793,59998495,736781,179323,406428,71142529,951019,-96460,38365,-11144034,-214238,5338,798,5885408,1164,47637,777,93012539,1338,-42299,21,-87127131,-174,135496,256909,216764986,1176586,83217,435301,96302373,819766,52279,-178392,120462613,356820
2017-09-20,42844,235940,28529462,524014,123934,163030,54202490,422439,-81090,72910,-25673028,101575,4829,1093,5158705,1858,48565,1063,94548844,1164,-43736,30,-89390139,694,107341,138923,173407921,673646,57156,233353,55689974,643495,50185,-94430,117717947,30151
2017-09-21,47177,297416,32258984,564020,124586,194189,54488087,477260,-77409,103227,-22229103,86760,4860,1093,5251783,1268,47918,1063,93726819,1213,-43058,30,-88475036,55,111452,148675,182864240,697395,59766,249585,55564783,575686,51686,-100910,127299457,121709
2017-09-22,49289,303124,32410208,687260,135772,246899,61210840,622334,-86483,56225,-28800632,64926,4930,1093,5350275,2251,48634,1063,93967844,732,-43704,30,-88617569,1519,106407,155883,171459653,655878,67041,271100,65052123,834449,39366,-115217,106407530,-178571
2017-09-25,54400,325424,32806866,878835,140060,295176,62780919,786711,-85660,30248,-29974053,92124,4829,1057,5092313,3275,49460,636,94858448,596,-44631,421,-89766135,2679,105132,161231,167952166,688243,69100,284668,67999740,1064435,36032,-123437,99952426,-376192
2017-09-26,58477,351165,34517367,1069098,144507,335357,67280138,904751,-86030,15808,-32762771,164347,4792,1057,4985384,4213,49839,636,95119269,665,-45047,421,-90133885,3548,107127,169774,168098529,722713,68368,291853,67764642,1246334,38759,-122079,100333887,-523621
2017-09-27,58216,302536,32721125,771018,137852,238789,60923745,573211,-79636,63747,-28202620,197807,4773,1060,4978871,2865,47613,635,91078976,491,-42840,425,-86100105,2374,105351,157408,165575053,648326,65005,284242,63519211,985499,40346,-126834,102055842,-337173
2017-09-28,59390,343010,33563415,789871,140288,280054,62200157,606142,-80898,62956,-28636742,183729,4857,1060,5148342,2923,45636,845,86841786,542,-40779,215,-81693444,2381,104318,161476,163458695,638864,69247,296377,70691167,999367,35071,-134901,92767528,-360503
2017-09-29,57966,372536,31875703,777276,140465,286914,62165566,583107,-82499,85622,-30289863,194169,4871,1060,5184512,2361,45840,845,87372457,410,-40969,215,-82187945,1951,105302,167312,165933584,612217,69062,302952,69996501,921754,36240,-135640,95937083,-309537
2017-09-30,59565,382877,33973955,701326,139656,290160,60654467,565127,-80091,92717,-26680512,136199,5073,1060,5632523,1402,44804,845,85753714,307,-39731,215,-80121191,1095,105365,171049,167086337,569523,67573,303952,69407299,722949,37792,-132903,97679038,-153426
2017-10-02,64557,392675,38085749,721291,142174,290407,62454511,595162,-77617,102268,-24368762,126129,5106,1060,5736749,782,42802,845,82145799,372,-37696,215,-76409050,410,107885,187297,170645388,580442,64261,308078,62850952,589058,43624,-120781,107794436,-8616
2017-10-03,67474,400118,43251792,687218,144064,320615,59963339,625649,-76590,79503,-16711547,61569,5049,1060,5632869,605,41686,845,79920821,312,-36637,215,-74287952,293,106990,191184,168150838,572278,63937,309603,63826165,554598,43053,-118419,104324673,17680
2017-10-05,65702,319002,38885750,548236,144800,238585,58739758,524781,-79098,80417,-19854008,23455,5117,1056,5800246,444,41260,840,79266434,389,-36143,216,-73466188,55,111895,186235,178834746,577338,63693,304220,63607789,479720,48202,-117985,115226957,97618
2017-10-06,67146,342398,40744292,543560,144483,275834,57807230,562045,-77337,66564,-17062938,-18485,5313,1056,6081344,302,41329,840,79552375,387,-36016,216,-73471031,-85,111119,191224,176167965,600014,61269,311424,60637021,470448,49850,-120200,115530944,129566
2017-10-11,71084,338208,41508525,638318,140969,246399,54938074,665179,-69885,91809,-13429549,-26861,5345,1055,6207931,144,40502,837,78632001,897,-35157,218,-72424070,-753,121926,205565,195290847,738692,64351,329271,65400485,416412,57575,-123706,129890362,322280
2017-10-12,74641,356221,45125040,715824,140179,256872,53317679,790883,-65538,99349,-8192639,-75059,5303,1055,6155936,144,39981,1026,78000028,1258,-34678,29,-71844092,-1114,125811,215497,202040063,880256,65743,343511,68531015,403342,60068,-128014,133509048,476914
2017-10-13,78790,354515,49422979,687743,140119,274880,53563745,840281,-61329,79635,-4140766,-152538,5228,1055,6001101,132,39961,1028,78033499,1050,-34733,27,-72032398,-918,128692,214653,207239546,893098,69880,351314,76695310,392546,58812,-136661,130544236,500552
2017-10-16,81074,374395,51249637,793764,143101,286910,56436282,941345,-62027,87485,-5186645,-147581,5186,1050,5969477,596,39697,1028,77755205,1565,-34511,22,-71785728,-969,139162,219732,230808547,1036993,83734,358498,104305978,437794,55428,-138766,126502569,599199
2017-10-17,78595,399073,47196044,769088,142177,287389,56331070,876311,-63582,111684,-9135026,-107223,5049,1050,5797941,548,39841,1025,77846578,1061,-34792,25,-72048637,-513,142118,221559,231881598,934462,82493,366858,104637768,445632,59625,-145299,127243830,488830
2017-10-18,50069,250377,27082759,462751,108050,138847,47386740,446255,-57981,111530,-20303981,16496,5230,1065,5853730,1019,39835,1034,77901606,1161,-34605,31,-72047876,-142,114188,133358,183322725,761773,48689,235373,51374389,335486,65499,-102015,131948336,426287
2017-10-19,53740,316009,28223346,567377,113319,187298,48109630,533507,-59579,128711,-19886284,33870,5370,1065,6169022,864,39164,1034,76726460,1326,-33794,31,-70557438,-462,115941,148678,186842556,867264,54941,243031,56498456,343877,61000,-94353,130344100,523387
2017-10-20,54325,342108,26920487,595772,119526,225473,51313264,565398,-65201,116635,-24392777,30374,5322,1065,6058207,859,39207,1034,76592418,1052,-33885,31,-70534211,-193,118855,155867,189448289,831169,54211,251138,56707066,354990,64644,-95271,132741223,476179
2017-10-23,56347,343677,31826382,538958,123218,250995,49440284,582567,-66871,92682,-17613902,-43609,5343,1065,6105936,720,39171,1034,76560128,928,-33828,31,-70454192,-208,116795,158230,184199038,809046,54769,255946,57068460,339136,62026,-97716,127130578,469910
2017-10-24,55618,358865,29440660,563196,125466,261940,49969444,590755,-69848,96925,-20528784,-27559,5409,1065,6252234,663,38461,1034,75084515,897,-33052,31,-68832281,-234,120788,160747,188391129,814209,56244,273240,59375425,365249,64544,-112493,129015704,448960
2017-10-25,56711,297257,29075834,522581,125921,182798,49627918,546858,-69210,114459,-20552084,-24277,5353,1061,6131078,739,38943,1034,75088080,802,-33590,27,-68957002,-63,117357,156607,181466483,791251,55759,278359,60080891,387574,61598,-121752,121385592,403677
2017-10-26,56287,335059,26233514,590431,129489,208918,49867915,561555,-73202,126141,-23634401,28876,5229,1061,5861161,657,38655,1034,74385964,635,-33426,27,-68524803,22,118377,165900,184511995,790664,59738,291878,62071688,449701,58639,-125978,122440307,340963
2017-10-27,58803,357986,28846052,653382,131094,247281,51401230,607630,-72291,110705,-22555178,45752,4721,1061,5104826,625,38856,1034,74713579,521,-34135,27,-69608753,104,119746,172603,184972790,780947,61204,321659,64862951,543795,58542,-149056,120109839,237152
2017-10-30,61834,366621,29521010,667348,128868,284460,48260164,657822,-67034,82161,-18739154,9526,4956,1061,5625362,482,37972,1034,73077393,643,-33016,27,-67452031,-161,123869,180619,192869912,827667,62390,329473,66276858,513715,61479,-148854,126593054,313952
2017-10-31,68559,375786,35984327,662301,129367,302763,46780666,710922,-60808,73023,-10796339,-48621,4807,1061,5320837,381,37957,1034,73290433,813,-33150,27,-67969596,-432,124511,185398,193809235,880545,64985,342760,69673583,497486,59526,-157362,124135652,383059
2017-11-01,68674,323000,34922826,583358,134247,228033,46757462,649795,-65573,94967,-11834636,-66437,4933,1057,5603541,432,37221,1034,72900520,881,-32288,23,-67296979,-449,122023,183815,186625189,911101,66236,343857,70959785,474046,55787,-160042,115665404,437055
2017-11-02,67952,348547,34766839,599247,138078,259453,48991165,667616,-70126,89094,-14224326,-68369,4802,1057,5307383,448,37227,1034,72725377,625,-32425,23,-67417994,-177,122850,191711,186806783,856545,66724,356404,70926848,492145,56126,-164693,115879935,364400
2017-11-03,73601,350751,38376758,574627,143956,295138,49967353,687218,-70355,55613,-11590595,-112591,4729,1057,5150498,267,37497,1034,73345228,552,-32768,23,-68194730,-285,121281,196209,183256371,839650,67179,368129,72938852,481832,54102,-171920,110317519,357818
2017-11-06,74342,368667,42160238,578289,147704,310770,53329435,662271,-73362,57897,-11169197,-83982,4971,1057,5667843,190,37202,1034,72607835,324,-32231,23,-66939992,-134,121125,199489,182063370,777131,68135,384764,76408196,491553,52990,-185275,105655174,285578
2017-11-07,75490,388494,44807493,585681,148041,318602,50848888,711274,-72551,69892,-6041395,-125593,4989,1058,5736089,157,36829,1034,72154069,520,-31840,24,-66417980,-363,121792,208776,184123784,866357,61039,404858,69555146,471303,60753,-196082,114568638,395054
2017-11-08,75185,341877,44493460,506745,153385,253947,51069157,645840,-78200,87930,-6575697,-139095,4986,1085,5718708,283,36829,1034,72028427,272,-31843,51,-66309719,11,118298,205007,175684817,804311,60040,399130,68570711,417172,58258,-194123,107114106,387139
2017-11-09,74550,350807,42819919,486059,154744,277974,53650959,619110,-80194,72833,-10831040,-133051,4602,1101,4860702,700,37412,435,72720837,51,-32810,666,-67860135,649,117387,215888,174724781,663854,63306,411906,73739135,442400,54081,-196018,100985646,221454
2017-11-10,74027,374889,40272779,504806,155713,296879,53588560,615978,-81686,78010,-13315781,-111172,4555,1122,4766170,565,37406,455,72743942,56,-32851,667,-67977772,509,121503,222408,182545609,665637,64759,423815,77424543,404913,56744,-201407,105121066,260724
2017-11-13,73506,395103,40738517,509150,159086,318952,56551750,607003,-85580,76151,-15813233,-97853,4447,1129,4521156,668,37606,485,72913606,130,-33159,644,-68392450,538,122046,229522,181620327,613352,64223,432796,74987608,414686,57823,-203274,106632719,198666
2017-11-14,78022,385497,44702459,485866,156633,343695,53206420,626130,-78611,41802,-8503961,-140264,4636,1168,4859979,634,37306,522,72169480,185,-32670,646,-67309501,449,128135,236536,193729951,590439,75041,437650,93908986,410869,53094,-201114,99820965,179570
2017-11-15,39729,255987,18740362,364902,107611,148989,34635268,409865,-67882,106998,-15894906,-44963,4497,1177,4519244,1639,38175,1169,73027357,1432,-33678,8,-68508113,207,100569,136604,158110656,461678,59666,308495,72028078,456006,40903,-171891,86082578,5672
2017-11-16,44904,302913,20906732,447747,115237,200150,37030032,485792,-70333,102763,-16123300,-38045,4475,1177,4543336,1392,38173,1169,73131794,1320,-33698,8,-68588458,72,102800,154708,161833293,486363,61998,314395,72265513,421649,40802,-159687,89567780,64714
2017-11-17,47713,330988,21503541,473931,117450,220483,38865588,517244,-69737,110505,-17362047,-43313,4845,1177,5222704,870,38283,1169,73963240,1663,-33438,8,-68740536,-793,105539,175528,168808608,590583,55932,323316,60800363,346882,49607,-147788,108008245,243701
2017-11-20,51298,327994,23743421,440115,123712,251969,39275415,498069,-72414,76025,-15531994,-57954,4804,1177,5132366,836,38944,1154,75075541,1178,-34140,23,-69943175,-342,102540,181030,163919371,540644,60303,329003,66244733,363171,42237,-147973,97674638,177473
2017-11-21,56579,353164,27178868,538702,125620,263664,39500865,622860,-69041,89500,-12321997,-84158,4884,1177,5364360,553,38222,1154,74318190,2234,-33338,23,-68953830,-1681,107930,205073,172775820,765491,66090,345614,71009107,333022,41840,-140541,101766713,432469
2017-11-22,61394,301645,29676400,468400,126912,213106,39608848,594489,-65518,88539,-9932448,-126089,4841,1168,5332980,763,39027,1174,76335065,3012,-34186,-6,-71002085,-2249,111691,209652,179033322,822632,68921,355573,70942899,342553,42770,-145921,108090423,480079
2017-11-23,63757,318936,31397447,468382,131635,232651,39026835,628577,-67878,86285,-7629388,-160195,4884,1168,5423749,648,38627,1174,76219309,3303,-33743,-6,-70795560,-2655,113219,215663,177774520,872154,70941,363551,70729648,335148,42278,-147888,107044872,537006
2017-11-24,63444,320749,31664027,466599,135118,254512,39064720,647089,-71674,66237,-7400693,-180490,4933,1172,5518461,647,39577,1587,78317851,3284,-34644,-415,-72799390,-2637,112522,220027,176629132,878764,72135,371578,71233341,347728,40387,-151551,105395791,531036
2017-11-27,60928,321877,29376419,461074,143386,284868,43111253,614746,-82458,37009,-13734834,-153672,4591,1172,4723996,624,40443,1587,79406465,1600,-35852,-415,-74682469,-976,105751,225915,166151906,662382,72135,389222,73372394,447252,33616,-163307,92779512,215130
2017-11-28,59940,343922,26091009,552326,147344,292956,48323915,635447,-87404,50966,-22232906,-83121,4547,1176,4661835,661,40504,1564,79222480,1180,-35957,-388,-74560645,-519,104728,228355,165100655,611546,72745,396247,73590631,523960,31983,-167892,91510024,87586
2017-11-29,59994,317849,25394699,552585,148054,242925,44840847,601273,-88060,74924,-19446148,-48688,4561,1196,4724747,652,40228,1193,78810780,1298,-35667,3,-74086033,-646,105569,228725,165748896,636178,72485,402745,73644437,565289,33084,-174020,92104459,70889
2017-11-30,60950,348824,26694782,763934,151616,312873,48685642,759592,-90666,35951,-21990860,4342,4542,1625,4623219,1733,40749,1144,78770551,685,-36207,481,-74147332,1048,101560,230654,162912411,510763,78092,417798,84648903,923179,23468,-187144,78263508,-412416
2017-12-01,63309,381917,28990080,811237,152176,355261,49837338,803464,-88867,26656,-20847258,7773,4580,1629,4716532,1325,40725,1216,78263181,749,-36145,413,-73546649,576,99615,237593,161791980,549303,71658,442057,76758577,882451,27957,-204464,85033403,-333148
2017-12-04,67786,387752,29948829,794731,152569,348353,50064753,762226,-84783,39399,-20115924,32505,4627,1629,4840827,953,40609,1216,78358396,891,-35982,413,-73517569,62,98856,240740,160756218,603824,69071,453006,73117809,813102,29785,-212266,87638409,-209278
2017-12-05,70932,387146,30358242,816446,153732,362660,51378646,779743,-82800,24486,-21020404,36703,4694,1629,4955598,1335,41003,1216,78617746,652,-36309,413,-73662148,683,98986,238981,159801479,548542,70662,458065,73501750,973969,28324,-219084,86299729,-425427
2017-12-06,69985,367110,28642517,1240243,157609,315129,54493553,961324,-87624,51981,-25851036,278919,4914,1663,5325717,4346,42159,461,79679689,1099,-37245,1202,-74353972,3247,98339,240551,157361764,600334,72175,467440,75256234,1782058,26164,-226889,82105530,-1181724
2017-12-07,69215,413801,27565381,1305048,157169,363812,54999447,917354,-87954,49989,-27434066,387694,4938,1661,5364414,3270,41610,1017,78394766,1859,-36672,644,-73030352,1411,99393,258032,158909445,631034,72063,496606,78363371,1777041,27330,-238574,80546074,-1146007
2017-12-08,69582,444857,29168207,1175266,155622,394050,54454322,830186,-86040,50807,-25286115,345080,5132,1648,5703581,1750,41069,1352,77506049,2494,-35937,296,-71802468,-744,99373,269083,157208582,576297,74087,507891,81993083,1485687,25286,-238808,75215499,-909390
2017-12-11,69465,469788,28686704,1026978,156624,391072,54224874,712217,-87159,78716,-25538170,314761,5152,1652,5794518,916,40041,3152,75960106,6002,-34889,-1500,-70165588,-5086,96276,271375,155783309,555189,68564,518328,75347430,1130715,27712,-246953,80435879,-575526
2017-12-12,69383,466535,29569779,1039737,156417,406846,52842456,712401,-87034,59689,-23272677,327336,5137,1652,5731813,1002,40483,3163,76533062,6456,-35346,-1511,-70801249,-5454,96922,269404,155103884,523985,67818,525861,74407749,1271499,29104,-256457,80696135,-747514
2017-12-13,69321,403512,27474761,981917,158174,316970,54385626,623863,-88853,86542,-26910865,358054,5098,1253,5665932,1054,40158,3192,75989030,5953,-35060,-1939,-70323098,-4899,98500,267451,157814489,520922,65731,519051,71147336,1182808,32769,-251600,86667153,-661886
2017-12-14,71510,422929,27913573,867912,159590,322505,56211644,586014,-88080,100424,-28298071,281898,5268,1249,6060214,1303,40011,3192,76232995,4154,-34743,-1943,-70172781,-2851,103117,277726,167731496,525909,66003,530656,72778447,917615,37114,-252930,94953049,-391706
2017-12-15,72614,411596,33907918,848491,155215,367635,50541007,676254,-82601,43961,-16633089,172237,5005,1235,5483335,1546,40967,3192,77903372,3748,-35962,-1957,-72420037,-2202,101595,279485,165998641,492188,72944,538508,83406685,1027679,28651,-259023,82591956,-535491
2017-12-18,71151,426233,35384200,832755,154216,362948,51853377,655360,-83065,63285,-16469177,177395,4738,1238,5108992,1665,40436,3194,76874106,3203,-35698,-1956,-71765114,-1538,108048,281421,176879014,497183,78855,541885,96265473,968288,29193,-260464,80613541,-471105
2017-12-19,68789,450817,30400657,902117,154365,387516,52935933,627663,-85576,63301,-22535276,274454,4713,1160,5042878,2064,40050,2426,76373433,2979,-35337,-1266,-71330555,-915,114901,285135,189105797,474016,80094,539504,99838691,1063624,34807,-254369,89267106,-589608
2017-12-20,38970,186425,16757619,593400,103373,148649,36207705,301206,-64403,37776,-19450086,292194,4667,1264,5024680,2259,40765,3223,78101388,5531,-36098,-1959,-73076708,-3272,88270,98489,149106142,307259,49921,202961,50412450,689128,38349,-104472,98693692,-381869
2017-12-21,39832,239294,16237075,627887,111440,197612,37418694,330583,-71608,41682,-21181619,297304,4663,1264,5013793,1996,41024,3231,78617803,4446,-36361,-1967,-73604010,-2450,87346,109044,148008095,314989,54056,228482,55288936,702636,33290,-119438,92719159,-387647
2017-12-22,42937,262893,18137981,679835,116251,227573,39133698,348898,-73314,35320,-20995717,330937,4718,1264,5143931,1455,40433,3231,77654206,3796,-35715,-1967,-72510275,-2341,88351,118182,150238819,330588,54028,248307,53821302,720036,34323,-130125,96417517,-389448
2017-12-25,44038,280450,17828572,682473,119289,251065,40962022,348794,-75251,29385,-23133450,333679,4647,1264,4992526,1309,40488,3231,77717766,3164,-35841,-1967,-72725240,-1855,88978,121736,150720363,318048,53552,251591,53289187,687703,35426,-129855,97431176,-369655
2017-12-26,44661,299186,17183708,834312,121762,267725,43505692,449718,-77101,31461,-26321984,384594,4467,1264,4572135,2466,41717,4139,79663421,6049,-37250,-2875,-75091286,-3583,86700,127380,147351905,357618,55865,261857,56520589,932797,30835,-134477,90831316,-575179
2017-12-27,47862,255366,17495199,758912,122972,182268,44953594,347977,-75110,73098,-27458395,410935,4552,1254,4763981,1707,42154,3239,81003830,5939,-37602,-1985,-76239849,-4232,92561,130988,157981753,341050,54280,258331,53839805,804041,38281,-127343,104141948,-462991
2017-12-28,52888,283481,22060926,770075,124117,232377,47217898,402767,-71229,51104,-25156972,367308,4848,1254,5429274,985,41926,3239,81245518,5234,-37078,-1985,-75816244,-4249,96613,146577,166581322,383513,55091,271630,55248267,684852,41522,-125053,111333055,-301339
2017-12-29,54609,309498,25355624,814482,124844,266332,46288030,506031,-70235,43166,-20932406,308451,4896,1254,5565782,672,40730,3279,79255628,5580,-35834,-2025,-73689846,-4908,96738,156138,166910283,434972,57740,298411,59954750,620699,38998,-142273,106955533,-185727
2018-01-02,62559,357183,36276637,918134,126849,271506,51291393,589142,-64290,85677,-15014756,328992,4995,1254,5817855,545,41113,3279,80635194,6617,-36118,-2025,-74817339,-6072,101381,165377,175961286,517266,57257,325496,60045777,592765,44124,-160119,115915509,-75499
2018-01-03,65248,305682,36805458,873660,128252,224866,48913907,551994,-63004,80816,-12108449,321666,4984,1258,5834518,624,41026,1919,81054983,8316,-36042,-661,-75220465,-7692,101415,171735,176722296,607305,58389,325830,62633121,541989,43026,-154095,114089175,65316
2018-01-04,68236,351194,38846366,949870,133078,276820,49130740,652278,-64842,74374,-10284374,297592,4844,1236,5555844,686,40871,2399,81103033,9954,-36027,-1163,-75547189,-9268,102538,172061,175817836,672991,55957,337475,58216095,529016,46581,-165414,117601741,143975
2018-01-05,68294,381528,39070655,983010,137681,301860,50970034,665837,-69387,79668,-11899379,317173,4767,1234,5399668,668,40870,2399,81223640,10447,-36103,-1165,-75823972,-9779,102884,173701,173813435,693044,55113,346312,55365098,530053,47771,-172611,118448337,162991
2018-01-08,71327,386510,43328899,997400,139072,320015,48944591,750533,-67745,66495,-5615692,246867,4705,1234,5253838,751,40873,2403,81404883,11556,-36168,-1169,-76151045,-10805,104891,180000,176284448,742134,59373,353247,61668817,543257,45518,-173247,114615631,198877
2018-01-09,72539,414159,43163572,962089,140508,328559,50585192,715272,-67969,85600,-7421620,246817,5013,1222,5534365,602,40877,2403,81385711,10935,-35864,-1181,-75851346,-10333,110058,184907,185060973,726645,59291,354260,61965234,533150,50767,-169353,123095739,193495
2018-01-10,68618,337732,37530673,852014,141841,234233,54244438,557123,-73223,103499,-16713765,294891,4903,986,5266578,490,40458,1818,79961963,7773,-35555,-832,-74695385,-7283,111257,187074,183938519,619093,58058,362548,60637958,592050,53199,-175474,123300561,27043
2018-01-11,70007,363099,37513797,835892,139434,290317,51661622,577418,-69427,72782,-14147825,258474,4853,986,5155092,284,40162,3718,79155848,9505,-35309,-2732,-74000756,-9221,111776,194845,185924886,629078,59579,377330,64929941,623890,52197,-182485,120994945,5188
2018-01-12,72147,395430,41660446,976079,142368,301774,58186939,637978,-70221,93656,-16526493,338101,4976,1345,5462615,988,39165,4039,77535469,9034,-34189,-2694,-72072854,-8046,115731,195752,195235120,717624,60368,377711,67295028,547665,55363,-181959,127940092,169959
2018-01-15,75655,402252,47912342,1108830,140688,328027,53277312,810571,-65033,74225,-5364970,298259,4840,954,5203395,1576,38222,3628,76007516,10207,-33382,-2674,-70804121,-8631,110325,194602,186994741,902810,59387,383643,67637265,587928,50938,-189041,119357476,314882
2018-01-16,75488,416090,49079333,1143405,142292,313160,55756883,868616,-66804,102930,-6677550,274789,4613,957,5118879,1918,38214,3524,76148536,4970,-33601,-2567,-71029657,-3052,115150,197175,196379707,961125,65458,386520,82349996,606054,49692,-189345,114029711,355071
2018-01-17,44150,192254,26008856,600501,108120,155499,42118447,447425,-63970,36755,-16109591,153076,4676,1338,5288187,1692,37744,2067,75233227,2931,-33068,-729,-69945040,-1239,100067,128546,177289721,641851,46270,195195,56328293,413701,53797,-66649,120961428,228150
2018-01-18,44225,251464,25417150,787074,115727,217887,42682682,627555,-71502,33577,-17265532,159519,4588,1153,5128118,1397,35170,2067,69989266,4104,-30582,-914,-64861148,-2707,99697,138809,176481114,820572,52281,220142,64375095,489285,47416,-81333,112106019,331287
2018-01-19,48607,281862,30218679,870316,119304,245730,44577399,746367,-70697,36132,-14358720,123949,4869,1153,5444325,1246,36219,2137,72007288,7367,-31350,-984,-66562963,-6121,103939,147235,183275752,984408,54638,231410,67654734,517074,49301,-84175,115621018,467334
2018-01-22,57181,295584,41372168,1022531,123871,300853,44539446,1054251,-66690,-5269,-3167278,-31720,4918,1153,5594734,1456,36679,2137,73588165,9973,-31761,-984,-67993431,-8517,95618,149963,170549928,1212426,59103,252504,72235419,610134,36515,-102541,98314509,602292
2018-01-23,58471,329495,44885443,1056622,127250,341131,44537032,1114680,-68779,-11636,348411,-58058,5005,1153,5731226,1429,38841,2137,78472500,10009,-33836,-984,-72741274,-8580,92764,153980,166156825,1247594,62426,268588,77095837,642572,30338,-114608,89060988,605022
2018-01-24,53412,254232,35150447,792473,130392,237948,42880442,839015,-76980,16284,-7729995,-46542,6909,1119,5523012,1232,41006,1745,82719555,6866,-34097,-626,-77196543,-5634,95173,153638,168563500,1016088,61772,273367,73424790,609549,33401,-119729,95138710,406539
2018-01-25,56870,323417,36141121,911340,132454,281333,46912531,928612,-75584,42084,-10771410,-17272,7063,1119,5874317,1221,43162,2107,85893963,7368,-36099,-988,-80019646,-6147,101388,161528,179549085,1097640,59734,314684,71278848,661256,41654,-153156,108270237,436384
2018-01-26,55689,352259,33093526,950420,132157,324929,47564329,968258,-76468,27330,-14470803,-17838,7180,1101,6139887,1082,44757,2092,88323329,7120,-37577,-991,-82183442,-6038,101691,162865,178840284,1093707,59383,321589,70193147,672182,42308,-158724,108647137,421525
2018-01-29,59125,385905,39989400,967769,136908,364310,47887580,1071023,-77783,21595,-7898180,-103254,6961,1101,5998695,1066,44706,3042,88526378,10605,-37745,-1941,-82527683,-9539,100546,168126,174674919,1214885,59868,329962,71294181,673545,40678,-161836,103380738,541340
2018-01-30,56801,412629,34989178,931504,141489,388595,51099990,962189,-84688,24034,-16110812,-30685,6868,1101,5721866,1019,45290,3992,88775141,13614,-38422,-2891,-83053275,-12595,103627,174909,177959641,990083,56022,342369,65543041,761140,47605,-167460,112416600,228943
2018-01-31,56504,319158,30561639,958661,139935,276211,49172761,907854,-83431,42947,-18611122,50807,6879,1138,5763556,1003,45178,3409,88781701,12779,-38299,-2271,-83018145,-11776,108903,174556,187128264,1043679,59223,343774,70544337,794303,49680,-169218,116583927,249376
2018-02-01,58221,359380,34736747,1051281,138531,313406,50431995,1012944,-80310,45974,-15695248,38337,6917,1128,5876247,909,44759,3745,88353628,12113,-37842,-2617,-82477381,-11204,106112,183260,187619538,1179270,63561,379537,75244491,831103,42551,-196277,112375047,348167
2018-02-02,61236,395849,38466643,1009751,140740,355710,51945250,978578,-79504,40139,-13478607,31173,6808,1128,5615912,747,44903,3745,88315846,11446,-38095,-2617,-82699934,-10699,102542,183445,181139031,1057629,64686,392205,78472598,843317,37856,-208760,102666433,214312
2018-02-05,63522,407677,38194379,1153810,140676,385013,51766458,1061430,-77154,22664,-13572079,92380,6813,1128,5542022,1562,44926,3152,87393391,16536,-38113,-2024,-81851369,-14974,96231,202015,170748409,904165,65967,409101,80947674,1188021,30264,-207086,89800735,-283856
2018-02-06,72919,538285,44096697,5663372,152733,444682,71621153,3677822,-79814,93603,-27524456,1985550,6712,1128,5080091,19685,45899,2835,88156521,57149,-39187,-1707,-83076430,-37464,99684,295970,161464148,3315116,60816,405815,68788644,5968499,38868,-109845,92675504,-2653383
2018-02-07,70757,378665,38578238,2522636,142334,299873,62842628,1758653,-71577,78792,-24264390,763983,6804,1122,5314050,9052,44284,2725,85766114,16964,-37480,-1603,-80452064,-7912,98436,273252,166858936,2090936,56871,368047,62137016,3117346,41565,-94795,104721920,-1026410
2018-02-08,71829,402185,40270351,2428969,142287,329679,64262116,1716751,-70458,72506,-23991765,712218,6802,1088,5305477,6642,44310,2725,85799821,13311,-37508,-1637,-80494344,-6669,98175,288245,166158075,2014149,59207,386364,65606975,2949984,38968,-98119,100551100,-935835
2018-02-09,75242,412114,45478052,3429024,143661,358153,64243554,2408791,-68419,53961,-18765502,1020233,6968,1096,5448698,10280,44943,2229,85739542,24326,-37975,-1133,-80290844,-14046,97718,297217,162351756,3009288,59816,401898,70498355,4518160,37902,-104681,91853401,-1508872
2018-02-12,73895,464393,44554851,2984377,140827,392610,60491799,2192062,-66932,71783,-15936948,792315,7013,1097,5573309,6971,43932,529,84071420,3600,-36919,568,-78498111,3371,100627,313175,168491875,2464795,63565,431634,76717341,3704142,37062,-118459,91774534,-1239347
2018-02-21,47532,232895,28715992,1390966,96460,181086,43608309,854915,-48928,51809,-14892317,536051,5092,661,5607946,3834,41426,1158,81155361,4326,-36334,-497,-75547415,-492,89126,207962,159599915,1195841,47374,234201,54881958,1662984,41752,-26239,104717957,-467143
2018-02-22,49058,256300,28705584,1473709,100471,212945,43597742,931913,-51413,43355,-14892158,541796,4628,661,4591043,4429,41338,1158,80486864,3626,-36710,-497,-75895821,803,84368,214082,150419767,1258406,53697,241636,59831523,1794749,30671,-27554,90588244,-536343
2018-02-23,54488,286336,31964747,1388181,105043,227436,47184471,893956,-50555,58900,-15219724,494225,4658,661,4723928,2479,39891,1326,78650127,4629,-35233,-665,-73926199,-2150,90418,223035,161031669,1110023,52106,247277,56124099,1466459,38312,-24242,104907570,-356436
2018-02-26,54041,296622,31812211,1331620,105616,252599,45659481,903395,-51575,44023,-13847270,428225,4714,661,4862082,1884,39374,1326,77804343,4630,-34660,-665,-72942261,-2746,85923,222448,154527288,1025143,53990,249555,59124738,1348030,31933,-27107,95402550,-322887
2018-02-27,54248,322845,31129924,1360875,109635,261671,48470506,900304,-55387,61174,-17340582,460571,4798,661,5024658,2016,39388,1326,77609843,4072,-34590,-665,-72585185,-2056,88543,226538,155926738,1035785,53570,258319,57745988,1371755,34973,-31781,98180750,-335970
2018-03-01,56742,269879,31086055,1410481,112523,212621,48879449,918003,-55781,57258,-17793394,492478,4709,680,4807304,2750,40157,952,78786750,3847,-35448,-272,-73979446,-1097,88513,229907,155654332,1114933,53187,261607,57124725,1524671,35326,-31700,98529607,-409738
2018-03-02,58386,296299,33009172,1603515,114740,249568,51549391,1084597,-56354,46731,-18540219,518918,4646,680,4642790,3350,40874,728,79900773,3091,-36228,-48,-75257983,259,88836,232266,156284881,1202393,54750,266721,57549109,1711576,34086,-34455,98735772,-509183
2018-03-05,59861,321029,33717093,1621543,116710,279604,52396107,1121495,-56849,41425,-18679014,500048,4596,680,4519907,3343,41179,728,80215330,2379,-36583,-48,-75695423,964,90109,235375,158077381,1210798,58526,270959,62428827,1656946,31583,-35584,95648554,-446148
2018-03-06,64661,347326,39450027,1397345,116934,289000,54495917,986968,-52273,58326,-15045890,410377,4630,680,4661949,1423,40282,2528,79455098,12633,-35652,-1848,-74793149,-11210,93392,237427,166369318,964812,56151,276053,61201502,1229318,37241,-38626,105167816,-264506
2018-03-07,62499,316031,34958999,1470979,117724,245972,53215147,1004017,-55225,70059,-18256148,466962,4589,661,4538355,2214,40326,2608,78969213,17118,-35737,-1947,-74430858,-14904,91623,237468,163635916,1057416,58434,275587,63544211,1394705,33189,-38119,100091705,-337289
2018-03-08,67582,359449,37714393,1407712,120544,269770,53779307,993087,-52962,89679,-16064914,414625,4619,661,4655963,1124,39640,3056,78442055,13227,-35021,-2395,-73786092,-12103,99626,240198,175181946,936433,58598,286072,63503266,1171292,41028,-45874,111678680,-234859
2018-03-09,68170,363960,37557659,1345317,123290,276523,55002900,981423,-55120,87437,-17445241,363894,4622,661,4678026,777,38665,3056,76574906,11595,-34043,-2395,-71896880,-10818,98003,243525,172464735,896805,57237,295558,62773480,1106862,40766,-52033,109691255,-210057
2018-03-12,74781,413249,43464198,1493880,127341,296381,58802278,1145257,-52560,116868,-15338080,348623,4688,661,4891781,314,37212,3056,74506100,10777,-32524,-2395,-69614319,-10463,105234,253968,185991583,998303,58534,306486,67656670,1053056,46700,-52518,118334913,-54753
2018-03-13,78189,429611,48127034,1554639,131591,302532,60503353,1286252,-53402,127079,-12376319,268387,4678,658,4896748,391,36413,3056,73254476,11716,-31735,-2398,-68357728,-11325,106685,258494,186266562,1090437,59475,308348,68179720,1045406,47210,-49854,118086842,45031
2018-03-14,76426,336056,44421707,1262177,130943,255215,57375940,1032281,-54517,80841,-12954233,229896,4686,656,4883077,598,36436,2832,72843040,10072,-31750,-2176,-67959963,-9474,101318,255016,178021881,990306,60677,308923,67505065,1030312,40641,-53907,110516816,-40006
2018-03-15,78599,353011,47073000,1254235,136813,265440,62201665,1025731,-58214,87571,-15128665,228504,4641,573,4788797,355,36440,2832,72912025,9287,-31799,-2259,-68123228,-8932,106546,258298,187649852,971950,62428,318360,74929757,1004239,44118,-60062,112720095,-32289
2018-03-16,79676,350395,48667180,1204139,134790,295255,57793736,1076590,-55114,55140,-9126556,127549,4424,642,4690227,342,36862,2832,73352988,8184,-32438,-2190,-68662761,-7842,100216,256588,176146716,931708,65844,328330,80037388,994658,34372,-71742,96109328,-62950
2018-03-19,74786,367662,41394371,1217469,128277,297888,52422984,1050073,-53491,69774,-11028613,167396,4446,636,4740541,1006,37273,2814,74258352,7589,-32827,-2178,-69517811,-6583,103231,260095,183240603,912419,69141,332947,83257697,960006,34090,-72852,99982906,-47587
2018-03-20,75962,366335,44447037,1206065,129038,311367,54044996,1065435,-53076,54968,-9597959,140630,4391,631,4608788,1388,37265,2734,74073695,3429,-32874,-2103,-69464907,-2041,109626,268425,195839840,946747,74767,341936,95420570,998331,34859,-73511,100419270,-51584
2018-03-21,47695,175618,28255877,671259,95183,131998,44147606,529066,-47488,43620,-15891729,142193,4377,625,4595839,1890,37117,2030,73867729,6321,-32740,-1405,-69271890,-4431,88165,128707,159011331,606410,54136,142917,60070516,617831,34029,-14210,98940815,-11421
2018-03-22,49661,223134,28256991,767817,101311,164201,46469194,607952,-51650,58933,-18212203,159865,4419,625,4662769,1466,37980,2930,75657201,7103,-33561,-2305,-70994432,-5637,87676,151580,158199159,685820,54908,173298,57432691,692139,32768,-21718,100766468,-6319
2018-03-23,54730,274962,30601398,1479194,107168,228290,50214140,1054364,-52438,46672,-19612742,424830,4506,625,4401479,4985,39073,2482,76570691,19650,-34567,-1857,-72169212,-14665,90727,168572,159090578,884055,58953,186881,62521446,1192366,31774,-18309,96569132,-308311
2018-03-26,57160,284086,30404812,1267826,102488,262425,46130994,991153,-45328,21661,-15726182,276673,4551,625,4538943,2517,39364,2706,77962597,10416,-34813,-2081,-73423654,-7899,91488,168007,165522180,769257,56952,193762,59939634,989463,34536,-25755,105582546,-220206
2018-03-27,59394,308982,32983470,1219001,103305,264666,48996400,920147,-43911,44316,-16012930,298854,4587,625,4679431,1066,38538,2818,77243582,3878,-33951,-2193,-72564151,-2812,90794,172485,164359271,729322,57511,209509,61084980,859007,33283,-37024,103274291,-129685
2018-03-28,57141,240966,27547459,1231250,105415,185580,47534689,882910,-48274,55386,-19987230,348340,4504,609,4420915,2982,39217,682,77504277,1884,-34713,-73,-73083362,1098,88717,166011,159715251,847889,64635,204998,70223872,1118107,24082,-38987,89491379,-270218
2018-03-29,58123,268886,28000558,1279918,105838,217125,47243777,948765,-47715,51761,-19243219,331153,4344,609,4380927,2370,39289,682,77758334,1920,-34945,-73,-73377407,450,88812,169667,159066279,837173,62038,223550,66649409,1127640,26774,-53883,92416870,-290467
2018-03-30,59780,294736,28562385,1208109,107625,218317,50167708,851031,-47845,76419,-21605323,357078,4381,609,4492292,1362,38816,682,77289002,2052,-34435,-73,-72796710,-690,93590,179978,166336184,772122,57875,236342,59424679,967449,35715,-56364,106911505,-195327
2018-03-31,60366,301995,27891141,1213889,107416,229655,50588561,878146,-47050,72340,-22697420,335743,4384,609,4502368,1251,38790,1632,77277108,6884,-34406,-1023,-72774740,-5633,93810,180911,167283095,758994,57988,237460,60262797,942263,35822,-56549,107020298,-183269
