2015-04-14,85252,250321,131846,646856,-46594,-396535,100,88,390,842,-290,-754,257958,938023,42735,228177,215223,709846,138900,194618,143006,279997,-4106,-85379,379,243,0,0,379,243,237710,467064,66128,161403,171582,305661
2015-04-15,44452,121517,76911,490119,-32459,-368602,100,44,500,1223,-400,-1179,167524,765223,32633,196631,134891,568592,80932,204916,57064,279481,23868,-74565,329,949,0,0,329,949,156494,656543,38648,216058,117846,440485
2015-04-16,82280,211669,85942,650026,-3662,-438357,100,60,500,2200,-400,-2140,180423,958545,31988,241733,148435,716812,116981,161031,74267,278583,42714,-117552,329,269,0,0,329,269,168613,535161,44473,179108,124140,356053
2015-04-17,90624,171495,100523,586865,-9899,-415370,100,40,500,1208,-400,-1168,199479,867088,33972,212582,165507,654506,133233,238411,81442,354602,51791,-116191,329,358,0,0,329,358,186222,642657,44172,209194,142050,433463
2015-04-20,99972,174300,110099,573216,-10127,-398916,100,25,500,898,-400,-873,205742,825129,35087,203062,170655,622067,136290,284396,100838,423800,35452,-139404,329,442,0,0,329,442,195757,691515,46058,227039,149699,464476
2015-04-21,100631,169100,119765,574126,-19134,-405026,180,66,500,717,-320,-651,213811,824835,38390,205030,175421,619805,140903,285380,108420,436029,32483,-150649,329,363,0,0,329,363,206615,711513,48135,235262,158480,476251
2015-04-22,67965,221126,98411,617465,-30446,-396339,100,50,500,1048,-400,-998,244566,1002199,35927,237919,208639,764280,113693,213854,100288,358445,13405,-144591,329,955,0,0,329,955,209428,617750,45948,193677,163480,424073
2015-04-23,92669,581751,137980,1229085,-45311,-647334,200,670,450,3998,-250,-3328,266299,1965293,40201,467033,226098,1498260,162231,230243,147288,344877,14943,-114634,329,137,0,0,329,137,223572,479662,52350,141697,171222,337965
2015-04-24,107120,810880,177841,1750886,-70721,-940006,250,1058,450,5580,-200,-4522,272074,2505211,48008,639119,224066,1866092,177696,333018,181010,412869,-3314,-79851,339,132,0,0,339,132,228547,517292,57879,186967,170668,330325
2015-04-27,113129,1049165,194865,2282935,-81736,-1233770,200,1220,500,7578,-300,-6358,280417,3167911,55102,854014,225315,2313897,198332,350360,226588,400827,-28256,-50467,339,66,0,0,339,66,234440,503140,65214,222441,169226,280699
2015-04-28,120301,909078,209576,2074438,-89275,-1165360,250,1046,550,6870,-300,-5824,283621,2848973,62034,819507,221587,2029466,202236,396320,249282,436277,-47046,-39957,349,74,0,0,349,74,245631,502927,68668,233175,176963,269752
2015-04-29,78119,506807,149068,1373254,-70949,-866447,250,640,600,3249,-350,-2609,279025,2196627,63276,644459,215749,1552168,137142,425480,163928,417443,-26786,8037,349,877,0,0,349,877,248117,545878,66836,265483,181281,280395
2015-04-30,93704,477084,166865,1297099,-73161,-820015,250,538,600,2740,-350,-2202,276858,2018909,67763,604533,209095,1414376,158017,489900,175525,467120,-17508,22780,349,1285,0,0,349,1285,255077,584538,69861,290024,185216,294514
2015-05-04,99784,459802,178548,1302624,-78764,-842822,250,460,600,2494,-350,-2034,279642,1967038,69707,598765,209935,1368273,185790,462635,186220,433391,-430,29244,349,975,0,0,349,975,265108,529044,71771,268485,193337,260559
2015-05-05,99987,397229,180000,1155304,-80013,-758075,250,305,600,1932,-350,-1627,280774,1738797,69850,527836,210924,1210961,192496,500055,192261,472040,235,28015,349,1147,0,0,349,1147,267445,562031,72205,287493,195240,274538
2015-05-06,72793,386566,159266,1126057,-86473,-739491,250,265,600,2437,-350,-2172,277830,1706774,67593,517674,210237,1189100,146276,467941,179314,436877,-33038,31064,349,1148,0,0,349,1148,268457,554286,69551,276470,198906,277816
2015-05-07,82090,303604,169501,920892,-87411,-617288,250,104,600,1317,-350,-1213,286308,1366044,74028,416914,212280,949130,156671,623406,182369,579421,-25698,43985,349,2022,0,0,349,2022,281008,734568,71499,363387,209509,371181
2015-05-08,100049,278154,178900,846399,-78851,-568245,250,60,600,949,-350,-889,291900,1249253,81219,389944,210681,859309,162913,662571,183287,633578,-20374,28993,349,2287,0,0,349,2287,281093,774210,75766,396231,205327,377979
2015-05-11,93825,267849,189726,832973,-95901,-565124,250,56,600,882,-350,-826,293263,1229488,87068,394530,206195,834958,178000,647010,186368,600385,-8368,46625,349,2201,0,0,349,2201,287871,754222,78143,385562,209728,368660
2015-05-12,98577,284511,209506,845295,-110929,-560784,250,47,600,755,-350,-708,290737,1183110,90130,378462,200607,804648,176068,664061,189810,625294,-13742,38767,349,2341,0,0,349,2341,296474,795334,80324,412463,216150,382871
2015-05-13,81079,295932,181183,863535,-100104,-567603,250,27,600,1355,-350,-1328,286274,1226229,88352,399018,197922,827211,126656,548941,180075,529401,-53419,19540,349,1157,0,0,349,1157,295458,697861,80926,369153,214532,328708
2015-05-14,80923,201064,209269,683051,-128346,-481987,250,10,600,317,-350,-307,293156,927226,92350,279042,200806,648184,146159,852193,161874,735797,-15715,116396,349,2484,0,0,349,2484,306323,1089242,83718,588090,222605,501152
2015-05-15,90363,196587,221740,659063,-131377,-462476,250,7,600,142,-350,-135,297632,908997,96370,262163,201262,646834,149667,862036,157770,807363,-8103,54673,349,2840,0,0,349,2840,305545,1181850,83047,623961,222498,557889
2015-05-18,92453,205267,236202,696618,-143749,-491351,250,5,600,104,-350,-99,316234,949105,118948,277955,197286,671150,153280,779793,157966,763206,-4686,16587,349,2353,0,0,349,2353,304240,1064306,83674,575741,220566,488565
2015-05-19,100140,315738,233636,856992,-133496,-541254,250,4,600,331,-350,-327,324167,1211146,129349,401422,194818,809724,141860,575857,175119,600081,-33259,-24224,329,877,0,0,329,877,309931,840373,89526,443698,220405,396675
2015-05-20,47799,175944,110621,727017,-62822,-551073,0,0,498,1481,-498,-1481,216660,1082821,92906,329076,123754,753745,81586,330796,70869,347669,10717,-16873,329,1257,0,0,329,1257,179357,757252,59706,371303,119651,385949
2015-05-21,72378,167055,135588,621422,-63210,-454367,0,0,498,567,-498,-567,224358,836038,97797,248591,126561,587447,107555,512620,82293,494821,25262,17799,329,2489,0,0,329,2489,185767,1039092,62812,514432,122955,524660
2015-05-22,96459,208729,137642,704020,-41183,-495291,100,198,698,1003,-598,-805,230862,923398,93265,263194,137597,660204,121966,379032,87263,424448,34703,-45416,329,1248,0,0,329,1248,193028,853175,64729,418195,128299,434980
2015-05-25,97632,222430,148685,703471,-51053,-481041,100,185,698,909,-598,-724,234322,912829,97547,263861,136775,648968,129637,372876,91555,408251,38082,-35375,329,1083,0,0,329,1083,200518,816350,66842,407424,133676,408926
2015-05-26,112360,252271,153794,763972,-41434,-511701,100,216,698,979,-598,-763,236426,964111,99387,284582,137039,679529,136305,357135,105584,406976,30721,-49841,329,804,0,0,329,804,204383,774081,70692,388169,133691,385912
2015-05-27,71110,235649,132807,707686,-61697,-472037,100,216,700,1370,-600,-1154,229211,953290,98811,287145,130400,666145,99443,362891,101167,424745,-1724,-61854,329,1386,0,0,329,1386,203438,783364,68393,391363,135045,392001
2015-05-28,81817,286638,143473,822100,-61656,-535462,70,163,700,1928,-630,-1765,230252,1062736,100194,331449,130058,731287,131030,326345,111092,390008,19938,-63663,329,786,0,0,329,786,208967,669551,72114,333867,136853,335684
2015-05-29,106245,275689,164107,828032,-57862,-552343,70,145,700,1610,-630,-1465,235941,1048764,103663,323710,132278,725054,154285,390956,117972,437479,36313,-46523,329,824,0,0,329,824,219861,734756,74163,360646,145698,374110
2015-06-01,106590,222992,197433,731500,-90843,-508508,100,125,700,879,-600,-754,240809,903070,110970,283178,129839,619892,176592,539640,121495,538331,55097,1309,329,1265,0,0,329,1265,226172,854434,75718,429568,150454,424866
2015-06-02,111837,217131,197859,651614,-86022,-434483,100,83,700,587,-600,-504,245420,835410,112898,263501,132522,571909,170868,555331,127746,564645,43122,-9314,329,1277,0,0,329,1277,224491,885654,75572,451463,148919,434191
2015-06-03,72289,170036,176187,586892,-103898,-416856,100,44,700,1030,-600,-986,242267,730869,112257,218858,130010,512011,122291,554404,108618,525064,13673,29340,329,1279,0,0,329,1279,215891,967782,72812,499653,143079,468129
2015-06-04,91867,133034,229044,444777,-137177,-311743,100,10,700,173,-600,-163,247786,489247,120148,135506,127638,353741,133259,1062326,123799,976118,9460,86208,400,3420,100,465,300,2955,225319,1707519,73682,884432,151637,823087
2015-06-05,106704,148736,248018,457161,-141314,-308425,100,8,700,106,-600,-98,256240,518672,122421,151113,133819,367559,145121,993280,140330,967629,4791,25651,400,3355,100,435,300,2920,233452,1682676,74788,871685,158664,810991
2015-06-08,116092,198470,262460,493834,-146368,-295364,100,5,700,78,-600,-73,262494,541053,123886,161000,138608,380053,158158,855237,147600,831920,10558,23317,400,2555,100,315,300,2240,238581,1493513,76182,788194,162399,705319
2015-06-09,124870,153280,294335,390992,-169465,-237712,1100,344,700,57,400,287,262112,459371,128845,145880,133267,313491,155921,1156901,163021,1156250,-7100,651,400,4870,120,624,280,4246,236227,1932276,78108,1017682,158119,914594
2015-06-10,87889,160767,222203,411304,-134314,-250537,1300,863,400,243,900,620,265486,530559,128957,188104,136529,342455,115608,860163,140355,906853,-24747,-46690,100,675,110,479,-10,196,241900,1704615,77198,902543,164702,802072
2015-06-11,102720,148070,238333,440320,-135613,-292250,1300,627,400,189,900,438,271026,530417,133187,195387,137839,335030,131855,843913,135116,897727,-3261,-53814,100,645,110,457,-10,188,249815,1683861,76141,892262,173674,791599
2015-06-12,113876,140691,244462,427815,-130586,-287124,1300,382,400,109,900,273,274522,501557,137144,189554,137378,312003,145998,863593,144502,937780,1496,-74187,100,700,110,473,-10,227,248786,1721741,77287,915643,171499,806098
2015-06-15,116113,125837,247788,397687,-131675,-271850,1300,216,400,49,900,167,277720,478342,139212,176854,138508,301488,148353,895504,150188,986430,-1835,-90926,100,785,110,545,-10,240,252099,1819201,77422,965066,174677,854135
2015-06-16,111832,125316,264285,391888,-152453,-266572,1300,68,400,30,900,38,279576,441400,143736,157040,135840,284360,154000,991437,155187,1111618,-1187,-120181,200,1200,110,660,90,540,256676,1988315,74846,1043222,181830,945093
2015-06-17,43540,111361,97458,234645,-53918,-123284,0,0,200,22,-200,-22,120486,239200,64876,150304,55610,88896,67314,526357,49864,486972,17450,39385,100,255,50,163,50,92,88216,1036926,33620,488480,54596,548446
2015-06-18,67668,135569,111372,241865,-43704,-106296,0,0,0,0,0,0,129135,246199,71438,163981,57697,82218,93762,561735,62005,512420,31757,49315,100,240,50,153,50,87,95894,1055942,35768,505282,60126,550660
2015-06-22,77197,224892,109723,349624,-32526,-124732,50,54,1,2,49,52,138230,324940,67737,199638,70493,125302,101422,417152,80715,422075,20707,-4923,100,98,50,96,50,2,107064,879750,36840,402787,70224,476963
2015-06-23,76321,257651,120347,398966,-44026,-141315,30,35,30,71,0,-36,148898,366708,70984,218113,77914,148595,101208,368913,93800,374375,7408,-5462,100,44,50,61,50,-17,112655,780573,36396,363763,76259,416810
2015-06-24,55821,186469,100213,273191,-44392,-86722,46,163,86,468,-40,-305,144376,369172,71318,216316,73058,152856,78016,351649,61189,366163,16827,-14514,116,143,106,355,10,-212,112511,768858,34716,359122,77795,409736
2015-06-25,84345,305842,113140,414958,-28795,-109116,56,650,276,1159,-220,-509,153486,512023,71677,283026,81809,228997,93238,312923,83762,372120,9476,-59197,156,447,146,509,10,-62,118920,676542,37701,315976,81219,360566
2015-06-26,92851,294102,131164,436665,-38313,-142563,56,633,276,1103,-220,-470,155367,494329,72127,271786,83240,222543,108558,356718,90246,403067,18312,-46349,156,475,146,545,10,-70,124562,709509,38429,326033,86133,383476
2015-06-29,90590,186347,145788,251470,-55198,-65123,156,529,276,645,-120,-116,158955,347214,73387,177588,85568,169626,107552,649218,94440,618222,13112,30996,296,1296,146,1064,150,232,131007,1090189,39611,480820,91396,609369
2015-06-30,94500,230088,148484,297304,-53984,-67216,156,638,276,759,-120,-121,160826,391152,75381,209171,85445,181981,106059,475450,98442,495055,7617,-19605,296,917,146,833,150,84,132055,916946,41083,413205,90972,503741
2015-07-01,79463,278062,110468,360134,-31005,-82072,126,771,276,967,-150,-196,157770,474391,74936,251657,82834,222734,88763,352026,74787,406226,13976,-54200,296,681,146,649,150,32,133031,805025,39245,351630,93786,453395
2015-07-02,98092,266702,136721,387113,-38629,-120411,126,708,276,895,-150,-187,159907,465149,80275,261689,79632,203460,110572,417141,85273,446287,25299,-29146,296,680,146,655,150,25,138488,825641,41879,373916,96609,451725
2015-07-03,106754,315052,145189,447479,-38435,-132427,146,821,276,951,-130,-130,164935,502523,81460,286571,83475,215952,124781,409797,97160,439610,27621,-29813,296,620,146,597,150,23,146224,801217,42113,362114,104111,439103
2015-07-06,111631,221542,164519,335255,-52888,-113713,146,554,276,685,-130,-131,164814,391172,81528,222555,83286,168617,133581,564911,106854,575653,26727,-10742,396,1124,146,833,250,291,149909,979003,43022,442181,106887,536822
2015-07-07,114320,242649,155594,332113,-41274,-89464,146,588,276,745,-130,-157,167016,409661,85413,242768,81603,166893,134691,459988,114448,525474,20243,-65486,396,799,146,673,250,126,151807,862837,45116,402296,106691,460541
2015-07-08,77497,107412,182688,220024,-105191,-112612,150,270,280,319,-130,-49,174044,295343,91784,146103,82260,149240,101685,815221,90514,884903,11171,-69682,500,2359,160,1727,340,632,162949,1681257,45812,735212,117137,946045
2015-07-09,98743,148727,222324,281500,-123581,-132773,150,218,280,249,-130,-31,187806,313201,101099,160773,86707,152428,117950,937382,113160,1089959,4790,-152577,400,2265,300,2808,100,-543,164789,1912654,51212,852287,113577,1060367
2015-07-13,97514,165102,223680,324156,-126166,-159054,150,252,280,278,-130,-26,193885,368991,105642,203661,88243,165330,123997,643451,118500,778186,5497,-134735,400,1160,300,1825,100,-665,169866,1447724,52538,680792,117328,766932
2015-07-14,102535,155550,228521,274252,-125986,-118702,150,200,280,204,-130,-4,200346,340297,112573,185845,87773,154452,124862,638540,124942,771712,-80,-133172,400,1091,300,1748,100,-657,169365,1430354,54989,682446,114376,747908
2015-07-15,46753,124286,74139,234985,-27386,-110699,60,229,280,362,-220,-133,134329,326700,66749,162682,67580,164018,64019,372222,47159,397675,16860,-25453,60,944,300,1357,-240,-413,104186,914386,40842,450225,63344,464161
2015-07-16,64072,144320,84491,257668,-20419,-113348,210,816,330,968,-120,-152,138111,338416,67276,167674,70835,170742,85047,364398,58570,382012,26477,-17614,210,1042,250,1115,-40,-73,109758,854568,43301,426127,66457,428441
2015-07-17,77784,154478,98533,285299,-20749,-130821,210,774,330,939,-120,-165,139712,329280,71199,173641,68513,155639,94879,372279,68751,406768,26128,-34489,210,1039,250,1114,-40,-75,114168,856802,45569,434671,68599,422131
2015-07-20,87508,153976,116929,237627,-29421,-83651,210,564,330,717,-120,-153,142984,280464,70617,139014,72367,141450,102848,481356,80698,501609,22150,-20253,210,1208,350,2968,-140,-1760,116986,942972,45740,474627,71246,468345
2015-07-21,93008,218464,122660,319223,-29652,-100759,210,775,330,929,-120,-154,144572,338316,68593,167357,75979,170959,107358,380956,87754,397888,19604,-16932,210,926,350,2389,-140,-1463,119322,802407,45628,400842,73694,401565
2015-07-22,59018,139888,99757,206898,-40739,-67010,210,427,330,559,-120,-132,139953,249032,71845,124573,68108,124459,89960,475737,68043,496088,21917,-20351,210,1296,350,3155,-140,-1859,120107,990192,45826,496425,74281,493767
2015-07-23,82568,154253,141831,234760,-59263,-80507,210,289,380,432,-170,-143,146436,224820,80956,124206,65480,100614,118728,566179,80370,570350,38358,-4171,210,1453,350,3479,-140,-2026,129958,1098959,47408,543826,82550,555133
2015-07-24,88459,125458,158358,187995,-69899,-62537,210,178,380,298,-170,-120,149536,186635,83556,99521,65980,87114,123517,655096,89790,670218,33727,-15122,210,1685,350,3968,-140,-2283,137110,1230267,48939,612767,88171,617500
2015-07-27,95017,103658,205540,139230,-110523,-35572,210,79,380,171,-170,-92,153492,135431,90363,73882,63129,61549,137075,959357,113222,1020540,23853,-61183,310,2824,350,5477,-40,-2653,145142,1655134,51535,816799,93607,838335
2015-07-28,107098,116097,229395,178911,-122297,-62814,210,65,380,162,-170,-97,158005,162589,93279,85215,64726,77374,140560,893442,123241,994441,17319,-100999,210,2329,350,5257,-140,-2928,156114,1642237,53096,805053,103018,837184
2015-07-29,75421,124190,170374,182014,-94953,-57824,210,49,380,130,-170,-81,159200,157113,96143,87538,63057,69575,111697,831629,97692,919359,14005,-87730,210,2627,350,5821,-140,-3194,152648,1764573,52233,867519,100415,897054
2015-07-30,91997,185390,163259,235399,-71262,-50009,210,60,380,157,-170,-97,169404,221478,94606,106218,74798,115260,114689,590201,109807,708231,4882,-118030,210,1922,350,4465,-140,-2543,157936,1406528,52937,692810,104999,713718
2015-07-31,93937,169090,174663,241976,-80726,-72886,610,1941,380,127,230,1814,169443,197565,95956,98822,73487,98743,125225,637912,114514,753044,10711,-115132,210,2068,350,4757,-140,-2689,158043,1485683,52868,729291,105175,756392
2015-08-03,98758,138406,187959,147591,-89201,-9185,610,962,380,76,230,886,173298,142735,99063,80797,74235,61938,121772,828653,122838,973010,-1066,-144357,210,2720,350,6050,-140,-3330,159867,1860220,54418,898786,105449,961434
2015-08-04,109209,159368,193134,168226,-83925,-8858,610,1066,380,81,230,985,176961,157456,99853,92231,77108,65225,122847,812904,132688,1010886,-9841,-197982,310,2883,310,5722,0,-2839,160531,1822826,55241,883543,105290,939283
2015-08-05,83936,177677,170455,195562,-86519,-17885,710,2268,380,110,330,2158,173285,187895,103275,112986,70010,74909,108232,702581,111007,857593,-2775,-155012,310,2421,290,4972,20,-2551,160407,1638323,56330,806691,104077,831632
2015-08-06,110300,142273,211419,158019,-101119,-15746,710,951,380,65,330,886,179711,140352,108908,89306,70803,51046,116960,929446,122410,1165299,-5450,-235853,310,3318,290,6273,20,-2955,165077,2073568,57371,993534,107706,1080034
2015-08-07,122547,177761,232370,189297,-109823,-11536,710,836,380,57,330,779,182441,142049,111156,85498,71285,56551,127979,907223,136432,1181366,-8453,-274143,310,3248,260,6082,50,-2834,162736,2060020,57865,995478,104871,1064542
2015-08-10,125616,216951,237983,232717,-112367,-15766,710,1029,380,54,330,975,184751,160132,111219,93237,73532,66895,136507,785425,141319,1022992,-4812,-237567,310,2713,260,5483,50,-2770,165933,1841032,57989,910179,107944,930853
2015-08-11,135522,164334,249702,151807,-114180,12527,710,500,380,42,330,458,192829,146053,116445,82333,76384,63720,134048,971728,155747,1362973,-21699,-391245,280,3219,260,6353,20,-3134,173261,2185224,61505,1051780,111756,1133444
2015-08-12,102978,170184,220950,132796,-117972,37388,710,264,380,31,330,233,196141,140918,121213,87985,74928,52933,106728,975157,138056,1395003,-31328,-419846,285,3726,260,6987,25,-3261,169697,2381123,60339,1130941,109358,1250182
2015-08-13,119438,151885,244106,182933,-124668,-31048,710,209,380,28,330,181,203875,151037,123640,87841,80235,63196,138384,948409,144402,1349803,-6018,-401394,170,3196,260,6935,-90,-3739,169695,2330791,62552,1127970,107143,1202821
2015-08-14,134741,166518,253737,185060,-118996,-18542,710,126,383,34,327,92,210138,146829,127477,89105,82661,57724,145978,867062,153107,1280532,-7129,-413470,178,3007,265,6669,-87,-3662,172230,2225606,63211,1089811,109019,1135795
2015-08-17,132302,120269,273518,138598,-141216,-18329,710,32,383,18,327,14,213571,115741,128758,68894,84813,46847,143463,1032821,147577,1514128,-4114,-481307,178,3669,265,7767,-87,-4098,171524,2571421,62557,1236440,108967,1334981
2015-08-18,138141,117094,301312,119233,-163171,-2139,710,12,383,11,327,1,222991,113192,132225,69814,90766,43378,130860,1171507,137221,1702103,-6361,-530596,178,4249,265,8664,-87,-4415,173940,2844665,64294,1381989,109646,1462676
2015-08-19,63031,122712,113165,140798,-50134,-18086,88,488,312,462,-224,26,141703,94032,85945,83925,55758,10107,66657,733538,74703,1197716,-8046,-464178,80,668,162,4309,-82,-3641,101880,2347376,46693,1144539,55187,1202837
2015-08-20,95007,191765,142519,189594,-47512,2171,90,466,320,414,-230,52,155878,133596,99373,101020,56505,32576,85716,733058,98096,1230176,-12380,-497118,80,636,164,4223,-84,-3587,106275,2333313,48663,1157907,57612,1175406
2015-08-21,108299,189389,178047,112166,-69748,77223,100,236,498,138,-398,98,161447,93379,105448,81449,55999,11930,95914,1155853,121757,2004215,-25843,-848362,102,1328,170,5717,-68,-4389,126049,3203910,52474,1572493,73575,1631417
2015-08-24,160241,470664,239873,225988,-79632,244676,146,605,593,592,-447,13,165082,131813,108761,167767,56321,-35954,92241,2269718,147084,4501425,-54843,-2231707,102,3205,248,9573,-146,-6368,132287,5490115,58888,2791817,73399,2698298
2015-08-25,164959,660596,249224,340347,-84265,320249,170,1081,593,716,-423,365,176236,187557,112071,228922,64165,-41365,108217,1443924,158705,3060723,-50488,-1616799,102,2111,248,7245,-146,-5134,141942,4217913,70323,2186986,71619,2030927
2015-08-26,128126,618260,156027,292174,-27901,326086,60,283,543,879,-483,-596,168768,154984,110129,216495,58639,-61511,78279,1132116,124742,2635788,-46463,-1503672,40,1060,196,5802,-156,-4742,135169,3934499,71685,2061835,63484,1872664
2015-08-27,138374,650340,167713,343162,-29339,307178,60,317,292,219,-232,98,170489,153276,111668,224836,58821,-71560,85301,974197,134699,2366489,-49398,-1392292,40,910,142,5283,-102,-4373,144527,3590881,73779,1895097,70748,1695784
2015-08-28,151737,1029056,162570,586518,-10833,442538,80,714,308,556,-228,158,174552,269699,114973,350643,59579,-80944,100787,784973,166992,1936587,-66205,-1151614,40,620,150,4474,-110,-3854,151176,2928908,78654,1566624,72522,1362284
2015-08-31,159676,1317857,169847,834413,-10171,483444,110,1200,308,837,-198,363,175839,377097,117516,459967,58323,-82870,116778,686818,187044,1695195,-70266,-1008377,40,496,150,4015,-110,-3519,154967,2649970,78720,1404687,76247,1245283
2015-09-01,165838,978637,177372,604235,-11534,374402,126,786,308,496,-182,290,176420,265514,119838,346304,56582,-80790,124297,905402,197661,2170240,-73364,-1264838,490,1710,150,4552,340,-2842,160175,3170923,77271,1667229,82904,1503694
2015-09-02,138058,1040831,145159,583722,-7101,457109,60,452,310,444,-250,8,172690,309940,119419,399813,53271,-89873,96242,743527,150477,1800219,-54235,-1056692,490,1111,140,4406,350,-3295,152731,2795455,75708,1478112,77023,1317343
2015-09-03,142632,1036419,154816,597128,-12184,439291,80,604,336,537,-256,67,175067,306119,122493,410097,52574,-103978,117837,698129,160345,1652097,-42508,-953968,490,760,166,4267,324,-3507,158988,2622718,77646,1389880,81342,1232838
2015-09-04,164348,886226,161906,497338,2442,388888,126,641,350,312,-224,329,179674,252648,123553,339602,56121,-86954,124080,829982,177060,1959726,-52980,-1129744,490,1019,166,4722,324,-3703,172465,2948109,79855,1536178,92610,1411931
2015-09-07,180433,904479,171659,522963,8774,381516,172,765,350,237,-178,528,182492,253559,123742,341160,58750,-87601,143537,744639,186694,1772804,-43157,-1028165,490,658,166,4407,324,-3749,176074,2725754,81174,1431172,94900,1294582
2015-09-08,188679,935962,178573,558603,10106,377359,196,976,350,213,-154,763,184626,254353,125770,350284,58856,-95931,156831,659897,192022,1591813,-35191,-931916,490,475,166,4038,324,-3563,181889,2527171,81685,1333648,100204,1193523
2015-09-09,127250,1714624,147887,1061125,-20637,653499,60,882,310,760,-250,122,179970,718480,124698,757428,55272,-38948,113445,409362,173941,892715,-60496,-483353,490,97,140,2967,350,-2870,185896,1567019,76608,827961,109288,739058
2015-09-10,125780,1483694,164550,986905,-38770,496789,62,710,370,654,-308,56,178995,612579,127860,681082,51135,-68503,126238,504848,174806,996782,-48568,-491934,490,101,154,3289,336,-3188,206140,1752613,81993,915656,124147,836957
2015-09-11,137009,1458621,166076,960319,-29067,498302,100,919,502,699,-402,220,177752,577604,129103,685121,48649,-107517,133362,496369,185839,1016615,-52477,-520246,490,71,168,3296,322,-3225,212088,1728988,84155,918035,127933,810953
2015-09-14,144651,1442929,181086,986431,-36435,456498,138,1104,510,674,-372,430,184574,576866,133951,693279,50623,-116413,147967,495103,196663,1010808,-48696,-515705,490,34,168,3184,322,-3150,214842,1703767,85011,916052,129831,787715
2015-09-15,147427,1310295,176733,847473,-29306,462822,226,2111,598,1247,-372,864,188854,499277,131451,611393,57403,-112116,142497,510321,205674,1100242,-63177,-589921,584,1309,240,4150,344,-2841,218018,1808860,85752,983728,132266,825132
2015-09-16,69551,451047,55922,257148,13629,193899,96,1503,282,1144,-186,359,95828,299362,53005,213626,42823,85736,41099,285880,64185,688690,-23086,-402810,88,1008,132,900,-44,108,63415,1170531,39846,658355,23569,512176
2015-09-17,91205,631748,67123,375670,24082,256078,118,2102,264,1792,-146,310,108294,405487,52670,262530,55624,142957,64487,273895,87206,604567,-22719,-330672,88,638,154,639,-66,-1,76000,970980,42954,534390,33046,436590
2015-09-18,90665,540650,73575,360454,17090,180196,224,2476,480,2226,-256,250,107633,332208,53370,233832,54263,98376,76374,247761,91559,521689,-15185,-273928,90,532,156,421,-66,111,85273,891105,43673,476400,41600,414705
2015-09-21,106184,399186,89198,268535,16986,130651,232,1672,518,1248,-286,424,111142,233496,56212,183010,54930,50486,94190,405599,110105,762169,-15915,-356570,90,883,156,881,-66,2,93488,1150036,46406,616714,47082,533322
2015-09-22,115029,452446,92877,308302,22152,144144,256,1975,528,1380,-272,595,114330,255315,57983,201723,56347,53592,99746,343653,122748,667711,-23002,-324058,90,675,156,588,-66,87,98478,1028621,49477,567984,49001,460637
2015-09-23,91860,324451,80600,194570,11260,129881,208,1131,488,786,-280,345,112970,177830,56005,136110,56965,41720,70632,477120,105196,890789,-34564,-413669,88,1135,138,968,-50,167,90601,1330245,49160,734336,41441,595909
2015-09-24,112972,337975,104158,228110,8814,109865,228,1052,502,631,-274,421,118433,176306,62215,145817,56218,30489,91186,570042,123102,1030128,-31916,-460086,88,1280,152,1181,-64,99,102531,1432862,53147,802564,49384,630298
2015-09-25,128410,390632,118764,293328,9646,97304,274,1433,516,705,-242,728,119829,192361,64549,160066,55280,32295,99133,544560,132249,972682,-33116,-428122,88,1166,166,1108,-78,58,113952,1387515,54971,773022,58981,614493
2015-09-30,101981,390136,103170,269738,-1189,120398,208,1018,476,663,-268,355,117780,201356,61236,146685,56544,54671,81273,465824,114771,883996,-33498,-418172,88,1113,126,843,-38,270,114256,1406832,55997,762929,58259,643903
2015-10-01,109612,577162,111529,469515,-1917,107647,228,1763,440,1221,-212,542,124403,337891,62727,203497,61676,134394,99372,338837,139312,667637,-39940,-328800,88,616,140,438,-52,178,126306,1102299,57963,594473,68343,507826
2015-10-02,107863,509217,109227,414980,-1364,94237,266,1726,462,1074,-196,652,125608,306761,63836,190816,61772,115945,105202,362656,149634,713912,-44432,-351256,88,669,154,535,-66,134,134173,1130022,58526,610040,75647,519982
2015-10-05,116229,540980,117196,460532,-967,80448,304,2082,510,1196,-206,886,128775,325788,66390,212405,62385,113383,99430,304761,153550,588332,-54120,-283571,88,471,154,298,-66,173,141007,990642,58904,538398,82103,452244
2015-10-06,126235,581124,124038,490148,2197,90976,324,2402,474,1298,-150,1104,135556,358048,66064,226244,69492,131804,102230,289966,183502,569578,-81272,-279612,88,374,154,196,-66,178,154428,936483,57156,501545,97272,434938
2015-10-07,91915,640829,108253,486562,-16338,154267,215,2206,521,1570,-306,636,132375,456379,65316,276647,67059,179732,75074,222371,153861,445745,-78787,-223374,88,183,161,379,-73,-196,145842,775085,55417,418723,90425,356362
2015-10-08,101024,572695,115852,411881,-14828,160814,266,2158,528,1464,-262,694,137847,367799,67901,248611,69946,119188,90255,292548,167179,523276,-76924,-230728,112,421,228,907,-116,-486,159700,844842,53820,452189,105880,392653
2015-10-12,111753,738857,119970,554975,-8217,183882,314,3121,540,2237,-226,884,144349,505381,69489,313282,74860,192099,99325,228247,197791,442051,-98466,-213804,112,235,228,386,-116,-151,167598,705636,56124,381964,111474,323672
2015-10-13,112919,708970,125274,567858,-12355,141112,357,3334,568,2344,-211,990,140937,488156,70740,318003,70197,170153,108677,220945,200261,432624,-91584,-211679,128,292,244,410,-116,-118,169131,688012,56364,369979,112767,318033
2015-10-14,89152,620079,102756,457922,-13604,162157,235,2429,491,1964,-256,465,135176,378845,69141,282385,66035,96460,83932,226747,180142,437355,-96210,-210608,128,316,191,555,-63,-239,157058,715119,53771,376010,103287,339109
2015-10-15,96224,755293,104746,566259,-8522,189034,262,3208,534,2740,-272,468,145933,499869,69474,339109,76459,160760,93060,204210,204768,407580,-111708,-203370,128,214,234,522,-106,-308,167528,647407,56055,346727,111473,300680
2015-10-16,96270,728033,117623,587658,-21353,140375,278,3306,573,2835,-295,471,148978,493631,69270,336021,79708,157610,98969,206213,210048,401386,-111079,-195173,172,433,265,578,-93,-145,171159,642744,57317,346031,113842,296713
2015-10-19,103282,742777,126647,636372,-23365,106405,290,3472,585,2966,-295,506,149328,511711,69930,350977,79398,160734,125289,208413,225615,398696,-100326,-190283,208,470,265,468,-57,2,172216,613538,58713,339087,113503,274451
2015-10-20,102267,785088,120992,674722,-18725,110366,310,3944,605,3372,-295,572,154494,560910,70546,384811,83948,176099,118106,167160,237296,356578,-119190,-189418,216,357,273,351,-57,6,173643,571805,59866,318474,113777,253331
2015-10-21,40211,268525,46820,150318,-6609,118207,76,737,122,852,-46,-115,107111,307015,55441,213529,51670,93486,40150,147548,59023,349689,-18873,-202141,64,308,122,531,-58,-223,68488,603873,41122,336613,27366,267260
2015-10-22,56405,282430,53468,162434,2937,119996,117,999,179,969,-62,30,110754,303666,55562,207214,55192,96452,53239,150865,73060,386700,-19821,-235835,88,479,179,789,-91,-310,72677,612020,42457,345442,30220,266578
2015-10-23,66223,350256,62547,233213,3676,117043,165,1528,214,1381,-49,147,112881,369134,56013,243249,56868,125885,65472,152600,83917,321835,-18445,-169235,88,294,202,472,-114,-178,79248,519849,42400,288449,36848,231400
2015-10-26,69319,388149,66055,263005,3264,125144,213,1862,226,1566,-13,296,119102,402634,58123,264373,60979,138261,75755,137887,94337,297780,-18582,-159893,88,208,202,270,-114,-62,84669,477839,43078,259998,41591,217841
2015-10-27,76001,348578,79276,251728,-3275,96850,240,1552,243,1230,-3,322,123949,363790,60193,247127,63756,116663,89605,178552,104445,331158,-14840,-152606,93,252,202,298,-109,-46,91811,519389,43839,282552,47972,236837
2015-10-28,50586,282084,67777,189267,-17191,92817,100,937,146,944,-46,-7,125421,322899,59684,222027,65737,100872,65608,205210,83899,353835,-18291,-148625,88,306,146,496,-58,-190,85593,581033,44183,311966,41410,269067
2015-10-29,65801,246970,90147,167106,-24346,79864,100,634,146,636,-46,-2,135145,256287,60913,182928,74232,73359,77894,291769,95705,465103,-17811,-173334,88,452,146,774,-58,-322,100630,690252,45800,368773,54830,321479
2015-10-30,66381,266905,97954,178025,-31573,88880,144,857,161,670,-17,187,140538,275441,64501,195111,76037,80330,80410,268158,103182,430581,-22772,-162423,88,373,159,698,-71,-325,109941,651423,46214,354699,63727,296724
2015-11-02,74921,301404,110261,220829,-35340,80575,192,1095,161,704,31,391,140999,293727,65186,208262,75813,85465,88251,258741,115073,421716,-26822,-162975,94,364,159,581,-65,-217,110790,632289,46899,349001,63891,283288
2015-11-03,80822,456221,105149,300919,-24327,155302,207,2090,173,1186,34,904,142950,422246,65224,272303,77726,149943,99565,186431,141531,311393,-41966,-124962,100,151,159,141,-59,10,118567,507286,48024,279445,70543,227841
2015-11-04,59080,536453,82978,444805,-23898,91648,115,1894,161,1920,-46,-26,134257,687718,72050,419655,62207,268063,80748,166018,114248,277704,-33500,-111686,88,77,161,358,-73,-281,111535,428845,49055,234680,62480,194165
2015-11-05,71900,544500,99072,480386,-27172,64114,132,1956,199,1949,-67,7,135746,698126,75307,436817,60439,261309,101286,203009,124652,307494,-23366,-104485,88,74,199,531,-111,-457,117488,453240,49846,243284,67642,209956
2015-11-06,90142,413502,133838,374439,-43696,39063,132,1093,222,1162,-90,-69,145578,466559,77952,309586,67626,156973,127876,504440,157234,616677,-29358,-112237,116,384,214,1411,-98,-1027,121957,643789,52928,363604,69029,280185
2015-11-09,96648,342832,163570,245160,-66922,97672,168,874,234,788,-66,86,145436,364124,79554,260927,65882,103197,122781,545733,159322,596364,-36541,-50631,128,442,214,1568,-86,-1126,122160,707336,56768,424404,65392,282932
2015-11-10,106795,274663,196035,213748,-89240,60915,180,521,234,493,-54,28,149464,304470,82141,217155,67323,87315,134372,759574,170155,829024,-35783,-69450,155,844,214,2237,-59,-1393,122807,844538,60915,517967,61892,326571
2015-11-11,69028,215634,139335,189296,-70307,26338,88,213,141,460,-53,-247,149741,233898,90005,185229,59736,48669,95357,746758,123664,811427,-28307,-64669,215,1186,141,983,74,203,118977,1111681,60809,692466,58168,419215
2015-11-12,72961,240977,153711,274275,-80750,-33298,88,282,164,740,-76,-458,154406,264787,95938,224005,58468,40782,108310,570719,120324,652857,-12014,-82138,242,824,164,616,78,208,118771,915052,60474,593807,58297,321245
2015-11-13,73837,203215,161978,172876,-88141,30339,88,99,175,385,-87,-286,158231,219282,98641,181408,59590,37874,110861,738959,126944,848923,-16083,-109964,290,1527,187,1050,103,477,127739,1099012,60654,707947,67085,391065
2015-11-16,73181,167830,180220,139437,-107039,28393,100,71,175,129,-75,-58,160623,182417,99333,150145,61290,32272,112086,782674,118185,901165,-6099,-118491,338,2166,187,1350,151,816,125784,1188847,61378,761493,64406,427354
2015-11-17,79706,255288,167465,195328,-87759,59960,160,635,223,753,-63,-118,161293,260707,101890,210527,59403,50180,115305,494468,133482,636270,-18177,-141802,398,1167,235,750,163,417,125695,896576,60655,579103,65040,317473
2015-11-18,38474,133559,57022,72470,-18548,61089,64,352,94,329,-30,23,113504,150932,80881,134232,32623,16700,47312,301949,57083,516477,-9771,-214528,64,944,94,873,-30,71,70690,1007511,53368,696069,17322,311442
2015-11-19,50695,217063,69315,182068,-18620,34995,86,723,112,653,-26,70,118781,240661,81314,200486,37467,40175,64971,223736,75716,418035,-10745,-194299,64,570,112,509,-48,61,78287,807633,52207,525823,26080,281810
2015-11-20,57027,227447,82655,210501,-25628,16946,134,915,147,659,-13,256,122544,250554,83167,210013,39377,40541,74164,241218,88099,421445,-13935,-180227,64,547,135,578,-71,-31,80720,803894,53537,526726,27183,277168
2015-11-23,68174,265042,90035,245305,-21861,19737,182,1189,159,737,23,452,124962,257894,84192,225391,40770,32503,92989,227178,103084,399841,-10095,-172663,64,467,135,422,-71,45,83067,742016,54835,487798,28232,254218
2015-11-24,83563,234968,98546,165000,-14983,69968,221,819,159,413,62,406,129888,212127,84478,183929,45410,28198,100753,297756,117697,509580,-16944,-211824,64,595,135,608,-71,-13,87727,843309,58046,569684,29681,273625
2015-11-25,54851,224794,85019,152851,-30168,71943,91,539,117,370,-26,169,128749,205693,83256,171618,45493,34075,61472,274673,92689,474125,-31217,-199452,64,627,117,687,-53,-60,89773,857282,57130,576631,32643,280651
2015-11-26,67677,301311,92827,236009,-25150,65302,127,1084,169,767,-42,317,134999,278232,83159,223393,51840,54839,77612,224439,105790,389076,-28178,-164637,88,537,169,583,-81,-46,101473,713090,58289,474360,43184,238730
2015-11-27,75486,240011,110544,198550,-35058,41461,151,811,177,459,-26,352,135808,222795,86318,183114,49490,39681,95255,349009,116435,535542,-21180,-186533,88,836,177,1081,-89,-245,109203,869268,59010,585704,50193,283564
2015-11-30,84177,236729,146094,202121,-61917,34608,199,698,177,273,22,425,145167,225650,86239,161139,58928,64511,103930,493158,125929,664494,-21999,-171336,100,1191,177,1571,-77,-380,110447,1023390,62103,702095,48344,321295
2015-12-01,99654,431296,147987,346666,-48333,84630,238,1577,177,509,61,1068,149369,325458,85095,216141,64274,109317,106805,287339,135592,428034,-28787,-140695,100,641,177,634,-77,7,114673,771415,56625,512779,58048,258636
2015-12-02,62666,284941,113591,273580,-50925,11361,115,833,181,696,-66,137,146434,306499,86119,215278,60315,91221,73660,274402,102486,425391,-28826,-150989,88,638,161,777,-73,-139,105780,766988,59654,520455,46126,246533
2015-12-03,79953,315489,128995,343052,-49042,-27563,132,992,199,802,-67,190,148260,319670,88043,232233,60217,87437,92017,289719,116583,433852,-24566,-144133,88,590,179,756,-91,-166,110845,747845,62126,513304,48719,234541
2015-12-04,81124,256887,141515,268484,-60391,-11597,163,806,229,505,-66,301,148077,245925,93367,200909,54710,45016,105677,377140,120347,486509,-14670,-109369,88,761,190,1060,-102,-299,118742,840194,65123,586595,53619,253599
2015-12-07,84371,293637,126292,263159,-41921,30478,211,1202,241,578,-30,624,152721,281400,94712,231394,58009,50006,106041,251776,128003,408814,-21962,-157038,88,484,190,534,-102,-50,122767,717302,66268,490649,56499,226653
2015-12-08,84329,193058,146623,165926,-62294,27132,239,475,241,170,-2,305,151586,190495,97865,164012,53721,26483,111571,410096,132870,584503,-21299,-174407,93,902,190,1249,-97,-347,134624,990262,71124,700835,63500,289427
2015-12-09,57488,158037,132195,115990,-74707,42047,99,161,153,152,-54,9,146734,144961,97611,116611,49123,28350,87949,504213,117103,646423,-29154,-142210,88,1280,131,1126,-43,154,132991,1158332,70945,851439,62046,306893
2015-12-10,66785,164345,154708,152226,-87923,12119,110,166,168,128,-58,38,153366,144900,98282,107237,55084,37663,103597,549328,123176,713880,-19579,-164552,88,1395,144,1323,-56,72,138709,1241201,69862,906451,68847,334750
2015-12-11,67426,109495,162527,73734,-95101,35761,150,269,183,49,-33,220,158846,115044,104488,81507,54358,33537,103228,734951,127241,934366,-24013,-199415,88,1901,147,1998,-59,-97,145363,1507675,73492,1122566,71871,385109
2015-12-14,75139,142120,178846,81133,-103707,60987,198,542,207,267,-9,275,162327,120619,107913,83160,54414,37459,102909,730504,138062,951704,-35153,-221200,148,2333,171,2284,-23,49,144628,1527827,75848,1165789,68780,362038
2015-12-15,77808,126993,182181,80727,-104373,46266,210,544,207,249,3,295,164243,111744,108429,79537,55814,32207,106951,726620,142118,929046,-35167,-202426,148,2281,171,2246,-23,35,143984,1502161,75618,1148515,68366,353646
2015-12-16,39040,146436,31347,98317,7693,48119,58,645,78,630,-20,15,69028,153748,38708,93414,30320,60334,48670,245644,45929,280392,2741,-34748,58,407,72,544,-14,-137,54316,579942,37529,445971,16787,133971
2015-12-17,56995,216796,46615,172362,10380,44434,120,1354,157,1456,-37,-102,72980,178255,39187,107801,33793,70454,71123,208974,59790,233908,11333,-24934,98,490,151,789,-53,-299,59441,433393,40169,351886,19272,81507
2015-12-18,69272,209639,56071,160519,13201,49120,133,1190,182,1226,-49,-36,79445,176924,45213,131352,34232,45572,93617,269412,69198,296448,24419,-27036,127,660,166,941,-39,-281,61546,486305,47328,447528,14218,38777
2015-12-21,78974,273827,67246,246356,11728,27471,181,1497,182,1430,-1,67,81349,200849,46754,150591,34595,50258,98562,234368,76599,249440,21963,-15072,163,562,166,688,-3,-126,63688,440748,47571,405698,16117,35050
2015-12-22,91551,268757,73231,252417,18320,16340,205,1481,194,1324,11,157,82104,192085,47841,149264,34263,42821,111235,235903,81633,256397,29602,-20494,181,577,166,642,15,-65,65022,444079,49484,418404,15538,25675
2015-12-23,63743,218207,48781,145905,14962,72302,116,1199,143,1239,-27,-40,82319,188077,48199,145359,34120,42718,67200,214191,58893,240067,8307,-25876,98,403,137,670,-39,-267,59126,415623,51545,399479,7581,16144
2015-12-24,77429,253641,64311,182753,13118,70888,146,1484,192,1408,-46,76,87912,213822,51570,162822,36342,51000,73442,218856,73555,292173,-113,-73317,101,362,186,750,-85,-388,62796,413287,53196,394724,9600,18563
2015-12-25,83506,306854,67389,223946,16117,82908,194,1982,227,1701,-33,281,89338,250838,52158,188857,37180,61981,80717,187318,79776,252922,941,-65604,107,286,209,536,-102,-250,64322,364220,53195,345943,11127,18277
2015-12-28,86226,282620,71006,211752,15220,70868,194,1774,227,1525,-33,249,90280,238691,52941,181000,37339,57691,86137,201038,85028,273927,1109,-72889,107,302,209,580,-102,-278,66581,378835,53233,361369,13348,17466
2015-12-29,89394,239960,81921,189563,7473,50397,206,1303,239,1161,-33,142,90973,196441,52187,151014,38786,45427,92275,253780,87374,326021,4901,-72241,113,365,209,830,-96,-465,70089,435270,53964,417353,16125,17917
2015-12-30,67581,211425,59029,163242,8552,48183,92,1008,134,1149,-42,-141,91252,183091,52313,140939,38939,42152,75069,241409,69017,296285,6052,-54876,98,404,134,623,-36,-219,68331,460216,55759,453692,12572,6524
2015-12-31,84020,245741,65011,187154,19009,58587,122,1181,163,1254,-41,-73,95368,205540,55847,154114,39521,51426,88435,245709,94045,375556,-5610,-129847,101,406,163,725,-62,-319,75680,464993,58629,459706,17051,5287
2016-01-04,88109,176736,84226,97288,3883,79448,182,786,163,594,19,192,97431,112980,58716,86901,38715,26079,93032,474153,98764,614717,-5732,-140564,101,735,163,1617,-62,-882,80362,731124,58376,684602,21986,46522
2016-01-05,104664,197639,103671,123262,993,74377,218,693,163,498,55,195,97496,101209,62684,80241,34812,20968,102967,527950,111358,751909,-8391,-223959,101,839,163,1892,-62,-1053,82117,792425,59041,736523,23076,55902
2016-01-06,87620,166456,82327,105001,5293,61455,104,403,105,379,-1,24,100742,93422,62736,62743,38006,30679,87157,472516,88831,612604,-1674,-140088,153,1065,99,1047,54,18,75684,819638,59896,780922,15788,38716
2016-01-07,102465,161788,113080,102574,-10615,59214,128,251,120,150,8,101,105623,73977,66681,53895,38942,20082,89629,754422,104222,870101,-14593,-115679,162,1685,114,1742,48,-57,92655,1156295,63258,1050286,29397,106009
2016-01-08,117228,226620,125876,159081,-8648,67539,168,514,135,223,33,291,116455,125016,78734,113356,37721,11660,97077,632774,111098,752191,-14021,-119417,162,1395,125,1467,37,-72,104692,1036430,76130,991988,28562,44442
2016-01-11,120184,162950,135245,111586,-15061,51364,168,181,135,81,33,100,113954,79031,72757,52331,41197,26700,97850,881681,119761,1035174,-21911,-153493,162,1970,125,2083,37,-113,96805,1283768,66671,1194152,30134,89616
2016-01-12,143533,159082,147682,98773,-4149,60309,168,69,135,48,33,21,120742,74881,77007,52364,43735,22517,105457,928606,130878,1103528,-25421,-174922,182,2125,125,2256,57,-131,95251,1318743,73663,1291424,21588,27319
2016-01-13,124564,241616,113339,199330,11225,42286,96,212,105,211,-9,1,119883,101054,82557,111378,37326,-10324,86033,658362,111264,897229,-25231,-238867,173,1615,95,1497,78,118,84932,1091615,83664,1141129,1268,-49514
2016-01-14,155211,258533,148665,232763,6546,25770,101,139,114,149,-13,-10,132066,106147,84075,91122,47991,15025,117824,849397,144830,1158425,-27006,-309028,201,2170,107,1881,94,289,91481,1262627,87260,1315230,4221,-52603
2016-01-15,155436,185894,173803,159141,-18367,26753,173,273,120,88,53,185,143494,97316,85895,74722,57599,22594,109566,904090,148785,1222229,-39219,-318139,267,2558,115,2091,152,467,96656,1345659,94433,1433398,2223,-87739
2016-01-18,153491,292993,186089,269961,-32598,23032,183,432,120,123,63,309,152272,168188,85672,101508,66600,66680,108386,602602,144857,750985,-36471,-148383,299,1570,115,1364,184,206,105118,984927,82763,1026179,22355,-41252
2016-01-19,141655,305008,189146,309863,-47491,-4855,279,1754,226,1064,53,690,152013,186946,85556,119704,66457,67242,121198,523433,148184,635068,-26986,-111635,400,1907,211,1666,189,241,116955,905869,81917,906469,35038,-600
2016-01-20,62864,132205,55803,89728,7061,42477,187,1024,136,754,51,270,70654,71553,53037,60089,17617,11464,45458,441906,59372,599117,-13914,-157211,231,2350,131,1567,100,783,53090,916026,56744,979024,-3654,-62998
2016-01-21,97917,202238,68206,144940,29711,57298,219,1181,150,772,69,409,79175,83350,53308,59079,25867,24271,78054,481707,84457,647840,-6403,-166133,236,2124,142,1506,94,618,69492,914570,59580,950779,9912,-36209
2016-01-22,108328,317592,77110,240165,31218,77427,239,1743,142,1014,97,729,86133,117773,54576,78919,31557,38854,106089,363939,92790,442721,13299,-78782,236,1293,156,984,80,309,79939,716389,61696,742727,18243,-26338
2016-01-25,105998,393408,81907,285875,24091,107533,271,2293,152,1208,119,1085,98954,160005,60158,95749,38796,64256,108680,313405,117234,335114,-8554,-21709,241,809,156,582,85,227,84189,598671,64818,614640,19371,-15969
2016-01-26,104513,315142,91259,248720,13254,66422,308,1978,152,940,156,1038,101739,132002,61170,77880,40569,54122,118627,348751,109991,379639,8636,-30888,241,910,156,666,85,244,89098,667408,65181,675676,23917,-8268
2016-01-27,81602,267665,62863,155780,18739,111885,197,1479,163,1119,34,360,90154,147986,57089,88103,33065,59883,68484,287582,82202,339817,-13718,-52235,231,668,163,629,68,39,80740,596668,65317,596043,15423,625
2016-01-28,85254,270123,71592,189644,13662,80479,209,1570,192,1205,17,365,92821,151930,57832,96355,34989,55575,95671,306110,90016,320806,5655,-14696,234,560,192,639,42,-79,92581,561764,66568,573218,26013,-11454
2016-01-29,86305,498696,81606,392689,4699,106007,241,3162,216,2531,25,631,103585,344504,60214,185558,43371,158946,102559,231756,118922,217022,-16363,14734,234,234,206,241,28,-7,108184,397861,70255,402990,37929,-5129
2016-01-30,90636,697969,88384,524928,2252,173041,241,4170,216,3416,25,754,105507,505568,59410,245476,46097,260092,110363,216372,149546,200358,-39183,16014,234,116,206,103,28,13,108144,309075,69524,316055,38620,-6980
2016-02-01,98943,635863,106462,504108,-7519,131755,191,3562,216,3145,-25,417,105019,410501,61100,224474,43919,186027,122573,269961,156059,217863,-33486,52098,234,148,206,124,28,24,112064,342576,66967,348951,45097,-6375
2016-02-02,108111,580764,105787,454362,2324,126402,191,3320,216,2866,-25,454,105927,367193,65341,220083,40586,147110,127078,291056,164807,239516,-37729,51540,2434,1792,206,109,2228,1683,115262,362396,68483,376881,46779,-14485
2016-02-03,75821,358137,81931,269999,-6110,88138,137,2220,152,1892,-15,328,108676,260046,64910,177429,43766,82617,85884,347512,107616,310375,-21732,37137,3881,4392,147,266,3734,4126,118026,462971,67499,449724,50527,13247
2016-02-15,69565,318796,81018,253517,-11453,65279,120,2076,120,1730,0,346,110154,225329,65308,153828,44846,71501,79213,265711,97790,233402,-18577,32309,3870,483,120,7,3750,476,117859,401434,65640,415347,52219,-13913
2016-02-16,81582,509689,87461,415375,-5879,94314,168,3428,168,3222,0,206,118585,402183,66116,243218,52469,158965,90129,199745,134823,167402,-44694,32343,3918,504,168,380,3750,124,124638,259479,65924,279001,58714,-19522
2016-02-17,54527,208471,45600,150126,8927,58345,72,551,72,781,0,-230,83311,234457,42826,109348,40485,125109,34641,179854,56083,177008,-21442,2846,122,594,72,590,50,4,36906,230217,35296,259259,1610,-29042
2016-02-18,67200,286715,54376,226288,12824,60427,72,749,72,990,0,-241,88603,319437,46206,148138,42397,171299,65565,192520,85074,191325,-19509,1195,122,418,72,436,50,-18,44623,201166,35634,221479,8989,-20313
2016-02-19,76355,319534,58742,237696,17613,81838,132,759,272,1066,-140,-307,94237,342281,54483,193732,39754,148549,89165,200851,101887,188481,-12722,12370,122,322,72,364,50,-42,55825,200292,43256,240691,12569,-40399
2016-02-22,81592,298921,72669,253859,8923,45062,72,684,272,1002,-200,-318,97515,323244,55909,191150,41606,132094,100067,229568,100168,167303,-101,62265,122,276,72,331,50,-55,60422,199518,44397,243805,16025,-44287
2016-02-23,91058,312533,72660,262161,18398,50372,172,779,1046,1194,-874,-415,99900,331785,57257,194252,42643,137533,102064,215796,110118,161828,-8054,53968,122,228,72,284,50,-56,66235,201177,44673,227177,21562,-26000
2016-02-24,68178,250156,56913,171718,11265,78438,172,612,1046,970,-874,-358,100583,268566,57416,157152,43167,111414,53555,236855,86103,230006,-32548,6849,122,342,72,389,50,-47,77090,316202,45475,278262,31615,37940
2016-02-25,91083,385492,57637,231359,33446,154133,172,832,1046,1264,-874,-432,104737,356545,58745,212767,45992,143778,72125,205338,114793,241650,-42668,-36312,122,220,72,263,50,-43,87324,253986,47333,231971,39991,22015
2016-02-26,98501,426804,67600,308437,30901,118367,282,1726,1096,2403,-814,-677,109264,416159,60180,258699,49084,157460,84912,195506,113927,192909,-29015,2597,202,859,152,1067,50,-208,100365,230221,50332,209597,50033,20624
2016-03-01,111043,501370,69926,367319,41117,134051,348,3033,1162,4053,-814,-1020,116630,486778,61105,297034,55525,189744,88489,177162,131070,148448,-42581,28714,298,1371,248,1692,50,-321,106554,206227,54338,179215,52216,27012
2016-03-02,72489,448724,60706,347657,11783,101067,348,3560,1162,4646,-814,-1086,110252,577834,62475,353784,47777,224050,63573,156577,108371,146568,-44798,10009,298,1039,248,1358,50,-319,96359,165901,52790,151630,43569,14271
2016-03-03,84473,506589,69721,425796,14752,80793,420,4471,1094,5824,-674,-1353,111950,648313,65473,407441,46477,240872,80681,162353,126602,142120,-45921,20233,370,1493,320,1959,50,-466,97092,147850,55102,136106,41990,11744
2016-03-04,87535,549647,78829,484001,8706,65646,420,4818,732,6048,-312,-1230,113049,695833,68079,451801,44970,244032,85032,154599,133465,118236,-48433,36363,370,1292,320,1669,50,-377,108898,153436,59689,131269,49209,22167
2016-03-07,89967,540783,85818,493946,4149,46837,420,4816,732,6067,-312,-1251,111584,683598,69664,456026,41920,227572,94906,174797,143199,123157,-48293,51640,370,1297,320,1683,50,-386,113042,156018,61719,138582,51323,17436
2016-03-08,93526,550028,88309,520111,5217,29917,320,4829,632,5976,-312,-1147,113550,702389,70067,464521,43483,237868,101628,188274,148110,149846,-46482,38428,370,1256,320,1621,50,-365,124631,196792,65460,155767,59171,41025
2016-03-09,70275,497778,79004,486202,-8729,11576,320,4808,632,6071,-312,-1263,111901,698114,68986,456869,42915,241245,77170,184732,123368,131593,-46198,53139,370,1163,320,1530,50,-367,123864,188358,63445,149573,60419,38785
2016-03-10,79728,538930,80015,495451,-287,43479,320,4965,632,6267,-312,-1302,114619,728588,70759,481169,43860,247419,85116,167611,144687,138973,-59571,28638,370,1041,320,1398,50,-357,141277,186306,63933,146814,77344,39492
2016-03-11,83142,628378,90808,599240,-7666,29138,320,5590,632,6952,-312,-1362,116615,858416,70754,562513,45861,295903,97959,164870,163294,116738,-65335,48132,370,735,320,1017,50,-282,154110,150480,66670,123359,87440,27121
2016-03-14,82514,678610,97976,664383,-15462,14227,820,6995,880,7768,-60,-773,121605,942482,68791,619745,52814,322737,99959,148180,175597,104778,-75638,43402,498,1258,248,477,250,781,157928,148570,68579,114855,89349,33715
2016-03-15,89703,475346,122080,423737,-32377,51609,820,4761,880,5693,-60,-932,127696,642971,69530,411957,58166,231014,103694,304347,186366,244261,-82672,60086,498,2170,248,855,250,1315,163069,266675,74394,184632,88675,82043
2016-03-16,56218,260069,38190,160033,18028,100036,848,4075,808,4615,40,-540,45656,290186,20092,143122,25564,147064,41362,131410,60669,182093,-19307,-50683,376,1597,176,625,200,972,52688,205545,30764,142917,21924,62628
2016-03-17,65749,283778,51535,202314,14214,81464,1008,4557,808,4964,200,-407,51458,337774,22447,161173,29011,176601,63290,160087,72012,220006,-8722,-59919,376,1323,176,493,200,830,62623,254490,34531,150397,28092,104093
2016-03-18,71278,355967,61951,294808,9327,61159,1108,5853,808,5753,300,100,54313,401120,22899,187680,31414,213440,78817,141131,84029,185642,-5212,-44511,476,1394,176,348,300,1046,69495,223005,37055,128566,32440,94439
2016-03-21,73198,322584,68231,285778,4967,36806,1108,5384,808,5472,300,-88,53795,372146,23703,180102,30092,192044,90081,159723,84317,182435,5764,-22712,476,1365,176,334,300,1031,72820,228579,37487,132588,35333,95991
2016-03-22,87867,370170,72551,292973,15316,77197,1108,5290,808,5380,300,-90,54011,371795,24456,185080,29555,186715,103348,184445,91880,211851,11468,-27406,476,1252,176,304,300,948,76377,223804,39395,138271,36982,85533
2016-03-23,64570,300085,57500,213949,7070,86136,1108,4704,808,5004,300,-300,53132,335988,24480,168097,28652,167891,63896,196031,71497,228635,-7601,-32604,476,1425,176,339,300,1086,71904,247159,39931,154308,31973,92851
2016-03-24,73138,321402,73975,286224,-837,35178,1108,4711,808,4945,300,-234,54310,342562,27578,180070,26732,162492,93796,219166,87189,266702,6607,-47536,476,1367,176,321,300,1046,80957,254390,42321,156748,38636,97642
2016-03-25,85498,299912,87865,291864,-2367,8048,648,4467,348,4671,300,-204,54633,334896,28453,181379,26180,153517,111076,249931,96459,299129,14617,-49198,476,1381,176,326,300,1055,82604,264876,43681,167778,38923,97098
2016-03-28,105267,296030,93293,283298,11974,12732,648,4149,348,4495,300,-346,56206,322300,30750,184866,25456,137434,126777,273926,107767,332145,19010,-58219,476,1446,176,334,300,1112,86014,271159,44198,174136,41816,97023
2016-03-29,102948,234786,105976,190131,-3028,44655,648,3026,348,3626,300,-600,60020,269003,33040,150266,26980,118737,127022,378915,110994,436085,16028,-57170,476,1962,176,449,300,1513,95351,361516,45104,222062,50247,139454
2016-03-30,72138,346295,73603,268016,-1465,78279,648,4648,348,5008,300,-360,58992,370536,32445,208980,26547,161556,75861,200793,107913,286659,-32052,-85866,476,1021,176,233,300,788,90296,238392,47468,155344,42828,83048
2016-03-31,91111,319852,87429,267207,3682,52645,648,4305,348,4747,300,-442,62350,354583,33591,197697,28759,156886,98363,234663,112013,299242,-13650,-64579,476,1106,176,246,300,860,105141,257814,49801,170841,55340,86973
2016-04-01,86389,237940,95019,197550,-8630,40390,648,3118,348,3768,300,-650,62631,284643,33775,154463,28856,130180,105233,324694,110285,352859,-5052,-28165,476,1544,176,343,300,1201,114917,338497,48951,208289,65966,130208
2016-04-06,64691,165789,96864,138218,-32173,27571,648,1555,348,2219,300,-664,63910,196608,38754,110036,25156,86572,85667,459789,99843,529316,-14176,-69527,476,3090,176,748,300,2342,114002,569209,53534,347147,60468,222062
2016-04-07,82207,175591,107124,126839,-24917,48752,648,1218,348,1875,300,-657,68272,190246,43174,102763,25098,87483,104205,445311,105180,546883,-975,-101572,476,3156,176,704,300,2452,122010,576911,56024,356506,65986,220405
2016-04-08,96585,216408,118621,184688,-22036,31720,648,1493,348,2193,300,-700,71385,225371,43790,115893,27595,109478,116352,374037,115840,476885,512,-102848,476,2478,176,510,300,1968,130581,498995,56458,300834,74123,198161
2016-04-11,117881,249818,117068,203890,813,45928,688,1609,388,2398,300,-789,73114,245261,44260,123937,28854,121324,120064,331994,125641,437822,-5577,-105828,476,1956,176,365,300,1591,131323,434654,58031,269219,73292,165435
2016-04-12,121782,229457,121929,178078,-147,51379,688,1347,388,2127,300,-780,77473,228608,42597,109450,34876,119158,126211,362983,135908,461619,-9697,-98636,476,2006,176,348,300,1658,135087,459799,62638,301410,72449,158389
2016-04-13,71761,296447,104523,224866,-32762,71581,688,2566,388,3584,300,-1018,78644,348151,41410,157822,37234,190329,80846,229172,119463,287356,-38617,-58184,476,635,176,79,300,556,135294,278309,63905,180457,71389,97852
2016-04-14,83961,300178,117318,288656,-33357,11522,688,2707,388,3826,300,-1119,79464,371077,44275,174100,35189,196977,105213,253132,129127,267266,-23914,-14134,476,437,176,27,300,410,145405,247613,64556,167232,80849,80381
2016-04-15,93685,356269,115214,367784,-21529,-11515,688,3360,388,4462,300,-1102,82297,444410,44000,205278,38297,239132,105913,194403,137350,220279,-31437,-25876,476,176,176,11,300,165,156257,199741,65275,139179,90982,60562
2016-04-18,103640,272394,125552,275640,-21912,-3246,688,2410,388,3581,300,-1171,84693,351094,49632,161841,35061,189253,118828,281685,143172,286521,-24344,-4836,476,303,176,15,300,288,158465,256644,71692,184044,86773,72600
2016-04-19,100226,256450,133027,257568,-32801,-1118,1688,2400,1388,3590,300,-1190,84711,331456,49142,151323,35569,180133,124049,300559,147787,306493,-23738,-5934,476,205,176,4,300,201,162184,270020,75087,202021,87097,67999
2016-04-20,53856,142009,48373,95277,5483,46732,1040,107,1040,107,0,0,57455,176993,28028,84830,29427,92163,58800,284770,65735,338055,-6935,-53285,0,0,0,0,0,0,47696,313938,46484,316511,1212,-2573
2016-04-21,74731,238880,53358,154751,21373,84129,1040,84,1040,84,0,0,59445,213248,31799,117190,27646,96058,81292,214241,79417,271013,1875,-56772,0,0,0,0,0,0,52588,244201,49184,244106,3404,95
2016-04-22,73400,220379,61716,151504,11684,68875,1040,66,1040,66,0,0,61332,195126,34369,106461,26963,88665,97891,240754,87900,291544,9991,-50790,0,0,0,0,0,0,55067,260492,50835,263226,4232,-2734
2016-04-25,95360,268715,63087,166464,32273,102251,1040,48,1040,48,0,0,63901,204387,36904,118845,26997,85542,109055,224191,105746,288097,3309,-63906,0,0,0,0,0,0,58766,235813,52809,236563,5957,-750
2016-04-26,105011,341406,68861,190243,36150,151163,1240,651,1040,51,200,600,65783,236287,38477,143930,27306,92357,118888,217237,124362,266572,-5474,-49335,200,880,0,0,200,880,63842,218659,54295,213386,9547,5273
2016-04-27,69009,268974,52838,164711,16171,104263,1240,588,1040,48,200,540,65778,220773,39303,136200,26475,84573,82488,215419,91006,245355,-8518,-29936,200,910,0,0,200,910,59294,227499,54843,219657,4451,7842
2016-04-28,68588,184426,80869,130435,-12281,53991,1240,207,1040,27,200,180,65664,139139,42404,89285,23260,49854,96344,368651,92727,358563,3617,10088,200,1570,0,0,200,1570,72543,355450,54988,335407,17555,20043
2016-04-29,71890,155182,110032,107975,-38142,47207,1340,430,1040,35,300,395,71039,116395,42749,57665,28290,58730,105349,507259,99541,473116,5808,34143,300,2650,0,0,300,2650,84330,469876,55400,440592,28930,29284
2016-05-03,71887,130435,138968,91252,-67081,39183,1340,257,1040,36,300,221,75830,106961,49708,51713,26122,55248,110821,576798,95832,490094,14989,86704,300,3023,0,0,300,3023,90670,511690,56333,477502,34337,34188
2016-05-04,69768,147315,106857,103024,-37089,44291,1340,144,1040,28,300,116,81150,110773,49728,46705,31422,64068,92021,584046,84646,490397,7375,93649,300,3943,0,0,300,3943,86679,580374,57694,585529,28985,-5155
2016-05-05,80171,142284,128336,113725,-48165,28559,1340,117,1040,30,300,87,83389,108646,51518,47059,31871,61587,110757,662245,95142,524779,15615,137466,300,4358,0,0,300,4358,91166,614695,56927,618536,34239,-3841
2016-05-06,88364,143689,139705,107146,-51341,36543,1340,71,1040,18,300,53,86725,104263,53370,42149,33355,62114,114914,729309,108556,603782,6358,125527,300,4895,0,0,300,4895,95145,687854,57904,682360,37241,5494
2016-05-09,88608,145475,147633,109732,-59025,35743,1540,61,1240,22,300,39,85999,102239,55202,45530,30797,56709,120520,694137,108286,555665,12234,138472,300,4678,0,0,300,4678,97612,657731,61728,667896,35884,-10165
2016-05-10,98861,184555,154249,157335,-55388,27220,1540,65,1240,30,300,35,89128,136182,58255,63622,30873,72560,124176,633984,114370,540785,9806,93199,300,4145,0,0,300,4145,99488,638754,65220,622111,34268,16643
2016-05-11,67407,139532,134481,140211,-67074,-679,1540,35,1240,17,300,18,92763,138563,60807,73525,31956,65038,97826,655722,83946,543579,13880,112143,300,4448,0,0,300,4448,100838,725580,66457,721004,34381,4576
2016-05-12,81656,142937,135900,120791,-54244,22146,1540,30,1240,22,300,8,97219,133006,63627,70035,33592,62971,103193,720245,103979,662712,-786,57533,300,5045,0,0,300,5045,110781,793599,75999,825829,34782,-32230
2016-05-13,94867,154020,158647,110788,-63780,43232,1540,34,1240,28,300,6,101462,119874,65716,55884,35746,63990,106244,829301,109941,773109,-3697,56192,300,5915,0,0,300,5915,116648,896469,77531,969774,39117,-73305
2016-05-16,104318,191594,160366,125756,-56048,65838,1540,26,1240,22,300,4,106890,148555,65937,63353,40953,85202,112148,728628,125972,675849,-13824,52779,300,5283,0,0,300,5283,116778,810382,78890,883499,37888,-73117
2016-05-17,108036,289179,164117,192569,-56081,96610,1540,29,1240,26,300,3,110193,199322,69964,95001,40229,104321,119329,577495,130087,523363,-10758,54132,300,4093,0,0,300,4093,118370,677812,79197,711881,39173,-34069
2016-05-18,53240,166957,44667,141244,8573,25713,1240,12,1240,12,0,0,80818,195739,41469,99809,39349,95930,53865,291235,68062,294858,-14197,-3623,0,0,0,0,0,0,55466,402138,55474,399142,-8,2996
2016-05-19,71029,164008,68048,156939,2981,7069,1240,19,1240,19,0,0,83464,164678,50923,107775,32541,56903,77866,404966,91109,423483,-13243,-18517,0,0,0,0,0,0,68376,496356,62450,522111,5926,-25755
2016-05-20,86837,241121,74925,214700,11912,26421,1240,15,1240,15,0,0,88888,194955,51900,133839,36988,61116,100280,339089,123797,385665,-23517,-46576,0,0,0,0,0,0,70801,425313,69740,453943,1061,-28630
2016-05-23,83021,507003,81220,463525,1801,43478,1240,13,1240,13,0,0,105739,462475,51530,262948,54209,199527,109575,206401,149306,199827,-39731,6574,0,0,0,0,0,0,79855,302977,71547,259446,8308,43531
2016-05-24,87671,402832,92375,368154,-4704,34678,1240,11,1240,11,0,0,103669,345398,53775,219493,49894,125905,116798,248010,159613,230744,-42815,17266,0,0,0,0,0,0,81640,328204,68691,285933,12949,42271
2016-05-25,72196,382397,65691,351289,6505,31108,1240,10,1240,10,0,0,99365,422053,52155,271183,47210,150870,71838,176147,99218,188431,-27380,-12284,0,0,0,0,0,0,77065,268141,61259,208800,15806,59341
2016-05-26,77035,377307,71777,348597,5258,28710,1440,481,1240,6,200,475,97346,411437,51936,267432,45410,144005,82283,183517,111815,206323,-29532,-22806,200,435,0,0,200,435,86703,265911,61344,206764,25359,59147
2016-05-27,89744,484590,78080,437596,11664,46994,1440,750,1240,10,200,740,100904,513157,53303,335063,47601,178094,87720,160520,126964,180545,-39244,-20025,200,265,0,0,200,265,94541,240102,64762,184071,29779,56031
2016-05-30,90173,551977,87436,529240,2737,22737,1440,995,1240,15,200,980,103167,595693,56004,394965,47163,200728,99011,160464,146691,169927,-47680,-9463,200,190,0,0,200,190,99277,221749,67601,172692,31676,49057
2016-05-31,97036,555708,92640,512697,4396,43011,1440,990,1240,10,200,980,105377,597282,56525,394831,48852,202451,110333,167553,152540,167832,-42207,-279,200,175,0,0,200,175,102087,215346,68940,171964,33147,43382
2016-06-01,75238,572512,76774,523848,-1536,48664,1640,952,1240,12,400,940,106517,674965,55939,442552,50578,232413,85677,138979,127194,162733,-41517,-23754,400,320,0,0,400,320,96973,200046,68878,155897,28095,44149
2016-06-02,80693,563732,92709,540881,-12016,22851,1640,870,1240,10,400,860,108656,650545,58387,442449,50269,208096,101598,170282,146512,212657,-44914,-42375,400,320,0,0,400,320,107683,218572,73994,180661,33689,37911
2016-06-03,86972,587745,98584,570414,-11612,17331,1640,918,1240,8,400,910,109958,677213,59368,462396,50590,214817,111790,167170,152269,203092,-40479,-35922,400,233,0,0,400,233,115779,216774,79486,181672,36293,35102
2016-06-04,90577,590463,97550,567382,-6973,23081,1640,825,1240,10,400,815,109854,683589,59132,467634,50722,215955,111918,151325,149352,169786,-37434,-18461,400,169,0,0,400,169,117106,199865,79797,164137,37309,35728
2016-06-06,90566,579491,106677,562624,-16111,16867,1640,745,1240,10,400,735,114829,671076,60179,460657,54650,210419,112285,172279,154095,171093,-41810,1186,400,150,0,0,400,150,124089,209827,78775,168499,45314,41328
2016-06-07,104820,785893,109705,769034,-4885,16859,1640,1406,1240,11,400,1395,120249,873859,60721,582453,59528,291406,117101,140212,179163,131849,-62062,8363,400,77,0,0,400,77,132334,178963,83142,136831,49192,42132
2016-06-08,75515,814315,93351,830954,-17836,-16639,1640,1921,1240,11,400,1910,117386,968894,59699,636189,57687,332705,88276,128800,145189,118479,-56913,10321,400,48,0,0,400,48,131352,164830,84617,126900,46735,37930
2016-06-13,71901,473636,107718,477466,-35817,-3830,1000,5,1000,5,0,0,118774,577026,59701,394853,59073,182173,94325,266860,148178,261594,-53853,5266,0,0,0,0,0,0,144429,295831,81835,225566,62594,70265
2016-06-14,78328,540123,107078,559270,-28750,-19147,1000,5,1000,5,0,0,120804,674231,59634,449500,61170,224731,106514,213398,158973,221814,-52459,-8416,0,0,0,0,0,0,161736,268400,85352,198294,76384,70106
2016-06-15,43862,227114,30404,156836,13458,70278,500,90,500,90,0,0,63361,327135,28304,159852,35057,167283,39582,126210,42423,194826,-2841,-68616,0,0,0,0,0,0,60831,271223,29162,197041,31669,74182
2016-06-16,75141,214000,53991,156037,21150,57963,800,111,800,111,0,0,71895,260544,31543,135543,40352,125001,70097,249528,83168,425455,-13071,-175927,0,0,0,0,0,0,75598,378883,30512,261189,45086,117694
2016-06-17,88723,321278,54795,214642,33928,106636,800,139,800,139,0,0,74499,339430,29766,167648,44733,171782,87014,201456,98641,309706,-11627,-108250,0,0,0,0,0,0,83449,299890,31104,212706,52345,87184
2016-06-20,90079,408362,65151,303336,24928,105026,1645,292,1660,293,-15,-1,79072,418999,31652,207748,47420,211251,108052,182698,114772,262905,-6720,-80207,0,0,0,0,0,0,89374,255370,31519,181941,57855,73429
2016-06-21,95121,442263,70389,347592,24732,94671,1645,306,1660,306,-15,0,88503,458925,31245,214657,57258,244268,110958,147252,121646,205896,-10688,-58644,0,0,0,0,0,0,95273,236102,33782,169196,61491,66906
2016-06-22,57064,328410,54537,282176,2527,46234,1645,308,1660,309,-15,-1,91335,471058,30760,212323,60575,258735,87894,164771,73901,235303,13993,-70532,0,0,0,0,0,0,83620,264071,34091,187220,49529,76851
2016-06-23,73881,349088,80646,339285,-6765,9803,1645,320,1660,321,-15,-1,111823,519651,34679,229614,77144,290037,114164,211323,103537,295259,10627,-83936,0,0,0,0,0,0,108761,313739,35562,203509,73199,110230
2016-06-24,88045,239890,114673,216352,-26628,23538,1645,338,1660,339,-15,-1,124384,314090,41305,163164,83079,150926,123042,618260,128097,899479,-5055,-281219,0,0,0,0,0,0,133723,782750,40563,428204,93160,354546
2016-06-27,99777,298210,115638,248125,-15861,50085,1645,300,1660,301,-15,-1,131400,362968,46339,195885,85061,167083,142157,387573,139142,619400,3015,-231827,0,0,0,0,0,0,154358,542601,42173,334028,112185,208573
2016-06-28,104795,337263,120887,286764,-16092,50499,1645,277,1660,278,-15,-1,128471,368276,46106,209757,82365,158519,143976,302998,138679,450628,5297,-147630,0,0,0,0,0,0,149676,391665,47164,285654,102512,106011
2016-06-29,69976,310992,61085,218977,8891,92015,1645,260,1660,261,-15,-1,97023,364102,44499,225888,52524,138214,84865,185451,95574,293379,-10709,-107928,0,0,0,0,0,0,116523,303165,47913,246543,68610,56622
2016-06-30,86507,395344,77273,329821,9234,65523,1645,270,1660,270,-15,0,98804,432737,45126,274671,53678,158066,96787,163833,116043,228919,-19256,-65086,0,0,0,0,0,0,133211,258592,50175,204150,83036,54442
2016-07-01,86302,507473,80043,439695,6259,67778,1645,289,1660,289,-15,0,104000,553556,47265,348187,56735,205369,91269,125807,133529,164767,-42260,-38960,0,0,0,0,0,0,138564,203683,51517,155907,87047,47776
2016-07-04,84820,489979,85177,448250,-357,41729,1645,281,1660,281,-15,0,104459,551145,49233,354910,55226,196235,98428,133533,140210,152741,-41782,-19208,0,0,0,0,0,0,147887,195570,57058,154670,90829,40900
2016-07-05,90592,440690,88624,394952,1968,45738,1645,251,1660,251,-15,0,103573,504689,52294,335264,51279,169425,104226,140404,142013,163867,-37787,-23463,0,0,0,0,0,0,149931,199922,56370,161383,93561,38539
2016-07-06,64445,252312,85120,246848,-20675,5464,1645,172,1660,172,-15,0,102685,348535,55263,231166,47422,117369,82378,233737,103793,234976,-21415,-1239,0,0,0,0,0,0,146462,323210,58741,253494,87721,69716
2016-07-07,73521,329283,84282,300069,-10761,29214,1645,207,1660,208,-15,-1,103768,419582,55315,285728,48453,133854,88337,155127,120956,183723,-32619,-28596,0,0,0,0,0,0,156993,242337,60946,192407,96047,49930
2016-07-11,81343,579008,92757,476604,-11414,102404,1645,284,1660,285,-15,-1,103355,641808,55077,453137,48278,188671,100960,112239,151772,120830,-50812,-8591,0,0,0,0,0,0,162768,149471,61698,114367,101070,35104
2016-07-12,87782,646174,86313,514981,1469,131193,1645,304,1660,304,-15,0,110744,716413,57283,506043,53461,210370,102011,100908,166025,109910,-64014,-9002,0,0,0,0,0,0,165516,140641,66097,113977,99419,26664
2016-07-13,74824,591209,82006,471250,-7182,119959,1645,321,1660,321,-15,0,111230,733193,65817,542805,45413,190388,84811,116756,135346,117941,-50535,-1185,0,0,0,0,0,0,166468,145760,69018,123366,97450,22394
2016-07-14,85527,625812,87725,505045,-2198,120767,1645,357,1660,357,-15,0,107794,760340,62038,563607,45756,196733,93938,121145,143678,119253,-49740,1892,0,0,0,0,0,0,174095,141532,73470,124325,100625,17207
2016-07-15,91858,834258,83496,633422,8362,200836,1645,502,1660,502,-15,0,105432,974056,61974,718881,43458,255175,94716,100029,159318,93400,-64602,6629,0,0,0,0,0,0,181359,118827,76164,99900,105195,18927
2016-07-18,91353,1013662,92073,839459,-720,174203,1645,819,1660,820,-15,-1,105046,1201100,67925,912381,37121,288719,103186,78673,173202,84023,-70016,-5350,0,0,0,0,0,0,186403,101790,79022,77892,107381,23898
2016-07-19,96110,1079106,111104,981660,-14994,97446,1645,999,1660,1000,-15,-1,111520,1325112,71801,1017694,39719,307418,114398,77100,188236,83391,-73838,-6291,0,0,0,0,0,0,194409,105895,79467,84603,114942,21292
2016-07-20,48279,361012,56659,351830,-8380,9182,1645,944,1660,945,-15,-1,72267,723894,49824,462465,22443,261429,40609,84599,53012,113544,-12403,-28945,0,0,0,0,0,0,56685,119797,41280,108971,15405,10826
2016-07-21,73492,472474,82223,513710,-8731,-41236,1645,1378,1660,1380,-15,-2,79658,900815,61492,631712,18166,269103,78400,125489,78140,156803,260,-31314,0,0,0,0,0,0,66603,116773,48062,110130,18541,6643
2016-07-22,83088,426308,99083,454303,-15995,-27995,1645,1111,1660,1112,-15,-1,83429,815554,66374,573129,17055,242425,98489,186680,87794,205363,10695,-18683,0,0,0,0,0,0,72328,145635,52779,150774,19549,-5139
2016-07-25,91963,407496,121103,425633,-29140,-18137,1645,837,1660,837,-15,0,85588,745756,67157,521232,18431,224524,118086,240297,86162,194027,31924,46270,0,0,0,0,0,0,82599,168072,51708,162050,30891,6022
2016-07-26,105156,513177,121840,536791,-16684,-23614,1645,995,1660,996,-15,-1,85766,838794,66858,612926,18908,225868,119014,164593,98201,150922,20813,13671,0,0,0,0,0,0,84756,129503,53521,129403,31235,100
2016-07-27,76601,507639,100343,510787,-23742,-3148,1645,1082,1660,1082,-15,0,80124,868323,70520,653526,9604,214797,89039,179870,80542,169167,8497,10703,0,0,0,0,0,0,85410,144778,56104,147145,29306,-2367
2016-07-28,108259,530338,113764,539494,-5505,-9156,1645,1085,1660,1086,-15,-1,83657,873955,73531,662865,10126,211090,111596,202934,100060,237534,11536,-34600,0,0,0,0,0,0,97293,156224,61636,172593,35657,-16369
2016-07-29,113382,419969,126324,403434,-12942,16535,1645,729,1660,729,-15,0,87711,733587,77915,533289,9796,200298,139169,321211,109735,331760,29434,-10549,0,0,0,0,0,0,105893,206634,64368,222967,41525,-16333
2016-08-01,126048,621326,122136,622791,3912,-1465,1645,1141,1660,1141,-15,0,88487,944243,78303,741027,10184,203216,140340,167600,115499,180440,24841,-12840,0,0,0,0,0,0,111184,131583,66314,133694,44870,-2111
2016-08-02,127535,553347,129155,564055,-1620,-10708,1645,1032,1660,1032,-15,0,87843,881043,79014,685095,8829,195948,150719,192886,117105,187968,33614,4918,0,0,0,0,0,0,116593,139864,69200,150830,47393,-10966
2016-08-03,90737,447422,111962,446990,-21225,432,1645,675,1660,675,-15,0,82504,750849,77792,552422,4712,198427,101086,219293,96133,213276,4953,6017,0,0,0,0,0,0,108835,183013,67110,185090,41725,-2077
2016-08-04,115083,493738,130676,526149,-15593,-32411,1895,834,1910,834,-15,0,84455,794280,78736,593405,5719,200875,138601,204232,108785,186516,29816,17716,0,0,0,0,0,0,115073,155435,68143,158535,46930,-3100
2016-08-05,123551,645107,127214,652122,-3663,-7015,1895,1218,1910,1218,-15,0,86911,934952,78420,727326,8491,207626,134724,143877,120529,138753,14195,5124,400,2260,0,0,400,2260,119928,125623,66870,109664,53058,15959
2016-08-08,127054,711035,138813,759555,-11759,-48520,1895,1314,1910,1314,-15,0,87404,1006645,78020,798569,9384,208076,147761,142897,126305,95599,21456,47298,400,1500,0,0,400,1500,126516,106505,63542,82993,62974,23512
2016-08-09,137531,689703,142751,721969,-5220,-32266,1895,1082,1910,1082,-15,0,87858,986433,77504,777752,10354,208681,151690,145864,140355,114324,11335,31540,400,1300,0,0,400,1300,130726,104205,63284,81240,67442,22965
2016-08-10,94088,664702,118613,715646,-24525,-50944,1995,1226,2010,1226,-15,0,83772,1059799,73690,828750,10082,231049,122773,137304,106603,75604,16170,61700,400,890,0,0,400,890,134130,93002,63627,69694,70503,23308
2016-08-11,106062,553498,152290,655993,-46228,-102495,2195,1418,2010,858,185,560,84226,934505,80268,724696,3958,209809,150920,226509,115702,96360,35218,130149,0,0,0,0,0,0,154928,128460,67160,100255,87768,28205
2016-08-12,120912,622873,139389,686394,-18477,-63521,2195,1538,2010,859,185,679,87908,1013440,78005,789399,9903,224041,152508,159830,127788,91442,24720,68388,0,0,0,0,0,0,160158,106438,68898,90506,91260,15932
2016-08-15,124184,598151,145606,669793,-21422,-71642,2195,1408,2010,838,185,570,87543,1008673,78866,776559,8677,232114,165826,164396,131058,94172,34768,70224,0,0,0,0,0,0,166376,99740,71702,92158,94674,7582
2016-08-16,122887,513788,144530,534245,-21643,-20457,2195,776,2010,562,185,214,89876,898598,77096,671310,12780,227288,171242,197175,129002,118966,42240,78209,0,0,0,0,0,0,168814,121444,74084,125087,94730,-3643
2016-08-17,60936,324345,46918,312437,14018,11908,2350,2417,2350,2417,0,0,64882,693378,43692,459826,21190,233552,51830,107313,44291,94008,7539,13305,0,0,0,0,0,0,80238,114297,45276,131342,34962,-17045
2016-08-18,83032,513159,60157,540485,22875,-27326,2350,2393,2350,2393,0,0,68631,748620,44338,487395,24293,261225,82523,159148,57545,134331,24978,24817,0,0,0,0,0,0,94298,116421,50709,138391,43589,-21970
2016-08-19,88253,460689,76002,465660,12251,-4971,2350,1684,2350,1684,0,0,69006,634797,45813,408845,23193,225952,99418,294357,70062,201072,29356,93285,0,0,0,0,0,0,102454,157878,53343,196561,49111,-38683
2016-08-22,97360,461927,101427,424779,-4067,37148,2350,1337,2350,1337,0,0,72523,570744,49753,369813,22770,200931,110805,386001,83985,249039,26820,136962,0,0,0,0,0,0,110674,180465,55569,233408,55105,-52943
2016-08-23,103746,563731,89749,501428,13997,62303,2350,1653,2350,1653,0,0,76284,672094,48538,441339,27746,230755,99523,239084,93884,192732,5639,46352,0,0,0,0,0,0,110682,131186,56778,181104,53904,-49918
2016-08-24,73374,497685,61663,464350,11711,33335,2350,1596,2350,1596,0,0,75673,637275,46691,418482,28982,218793,79829,252443,73440,189928,6389,62515,0,0,0,0,0,0,103397,146241,57053,197997,46344,-51756
2016-08-25,92279,660133,64281,564933,27998,95200,2350,2220,2350,2220,0,0,91641,809616,48230,529651,43411,279965,82187,183903,87665,155475,-5478,28428,0,0,0,0,0,0,118685,116138,59726,144691,58959,-28553
2016-08-26,97762,669244,81075,619573,16687,49671,2350,2354,2350,2354,0,0,90717,827731,51806,549817,38911,277914,96073,195140,102815,173699,-6742,21441,48,83,0,0,48,83,120902,121229,60693,142841,60209,-21612
2016-08-29,106564,656000,95710,618474,10854,37526,2350,2046,2350,2046,0,0,93339,759429,53728,508639,39611,250790,113324,251385,99782,174194,13542,77191,0,0,0,0,0,0,131344,137688,60595,154964,70749,-17276
2016-08-30,114454,646520,94389,594516,20065,52004,2350,1962,2350,1962,0,0,95858,751946,56554,509260,39304,242686,110583,264058,109843,207150,740,56908,56,106,0,0,56,106,132492,141186,60881,154947,71611,-13761
2016-08-31,74650,550448,77736,543195,-3086,7253,2350,1596,2350,1596,0,0,92566,663527,56783,457190,35783,206337,85339,291332,84027,245407,1312,45925,9,23,9,23,0,0,121251,174200,62074,197358,59177,-23158
2016-09-01,89368,503699,91187,519464,-1819,-15765,2350,1394,2350,1394,0,0,95601,617860,58040,420870,37561,196990,114886,338124,92566,269472,22320,68652,9,26,9,26,0,0,137826,196104,63096,219918,74730,-23814
2016-09-02,92934,495119,92732,501199,202,-6080,2350,1327,2350,1327,0,0,97455,606717,59281,410460,38174,196257,127088,347234,100148,294618,26940,52616,9,27,9,27,0,0,140600,201642,63693,227248,76907,-25606
2016-09-05,105782,665604,81053,611791,24729,53813,2350,1816,2350,1816,0,0,100734,763665,59082,533030,41652,230635,121987,207473,133906,219185,-11919,-11712,35,40,0,0,35,40,142016,122464,64823,135753,77193,-13289
2016-09-06,106844,804991,77342,726335,29502,78656,2350,2422,2350,2422,0,0,102282,916390,61257,651976,41025,264414,125142,169751,156883,160382,-31741,9369,88,99,0,0,88,99,147986,98950,65322,100770,82664,-1820
2016-09-07,83126,897968,59115,729295,24011,168673,2350,3255,2350,3255,0,0,101440,1089689,64811,811406,36629,278283,89830,134820,119481,140754,-29651,-5934,108,178,0,0,108,178,150752,98002,64770,74255,85982,23747
2016-09-08,91406,858759,74509,752181,16897,106578,2350,3100,2350,3100,0,0,103512,1058761,68084,791056,35428,267705,105868,154536,128101,148103,-22233,6433,45,75,0,0,45,75,159751,102461,65856,78157,93895,24304
2016-09-09,97374,664705,100398,656457,-3024,8248,2350,2007,2350,2007,0,0,105470,851022,68660,611798,36810,239224,128389,265271,123183,201674,5206,63597,10,17,0,0,10,17,163568,146001,67371,111256,96197,34745
2016-09-10,102422,533997,141377,530247,-38955,3750,2350,1411,2350,1411,0,0,106366,638839,68993,421127,37373,217712,136296,551304,138553,441295,-2257,110009,0,0,0,0,0,0,171204,326264,68422,241798,102782,84466
2016-09-12,107144,491078,168673,496888,-61529,-5810,2350,1291,2350,1291,0,0,111940,589712,67052,381396,44888,208316,139037,694585,144158,530994,-5121,163591,0,0,0,0,0,0,184530,417353,69539,304212,114991,113141
2016-09-13,112412,489688,192286,506843,-79874,-17155,2350,1258,2350,1258,0,0,118429,596825,69580,380900,48849,215925,145863,612555,149382,476166,-3519,136389,0,0,0,0,0,0,201958,353803,72825,284623,129133,69180
2016-09-14,75447,446307,121178,465334,-45731,-19027,2350,1157,2350,1157,0,0,113978,564754,67799,350238,46179,214516,124525,516823,116517,400254,8008,116569,0,0,0,0,0,0,191104,348011,73755,300582,117349,47429
2016-09-19,83515,723251,104062,742849,-20547,-19598,2440,2006,2440,2006,0,0,127032,979203,72476,639816,54556,339387,127287,182934,159106,170388,-31819,12546,56,26,0,0,56,26,204574,133376,81012,118329,123562,15047
2016-09-20,86049,688370,113973,738856,-27924,-50486,2440,1827,2440,1827,0,0,122352,923228,67149,602024,55203,321204,140599,184092,166385,181684,-25786,2408,21,11,0,0,21,11,204232,138338,80442,133480,123790,4858
2016-09-21,54007,315948,43344,304052,10663,11896,890,2161,890,2161,0,0,67838,627050,32418,339999,35420,287051,56672,114515,57894,133544,-1222,-19029,36,82,0,0,36,82,58262,128882,43207,152711,15055,-23829
2016-09-22,73490,330697,53114,303267,20376,27430,890,1986,890,1986,0,0,73868,621284,34922,339267,38946,282017,75931,121242,72810,141111,3121,-19869,48,77,0,0,48,77,68341,108397,44631,126172,23710,-17775
2016-09-23,84747,388401,53944,322982,30803,65419,890,2216,890,2216,0,0,75049,677216,35307,373426,39742,303790,75277,101196,86847,133347,-11570,-32151,33,78,0,0,33,78,73234,92184,44859,101455,28375,-9271
2016-09-26,92045,307667,69356,263808,22689,43859,890,1621,890,1621,0,0,77850,568136,36271,309309,41579,258827,88801,151235,97096,225773,-8295,-74538,0,0,0,0,0,0,79334,134205,44098,136659,35236,-2454
2016-09-29,81153,395508,43554,292202,37599,103306,890,2116,890,2116,0,0,76191,677226,33419,364809,42772,312417,64727,104954,98619,191814,-33892,-86860,0,0,0,0,0,0,79204,114221,43234,100345,35970,13876
2016-09-30,99029,309686,64153,267432,34876,42254,890,1511,890,1511,0,0,79744,551588,35093,296817,44651,254771,124312,253286,128952,398276,-4640,-144990,0,0,0,0,0,0,94456,194268,45820,172177,48636,22091
2016-10-03,109150,369931,74446,347843,34704,22088,890,1821,890,1821,0,0,79681,618601,35368,338785,44313,279816,138979,189350,142317,298143,-3338,-108793,0,0,0,0,0,0,96111,153327,47471,139945,48640,13382
2016-10-04,124730,443006,75597,395612,49133,47394,890,2116,890,2116,0,0,79605,684154,35920,380413,43685,303741,138525,147661,150432,205848,-11907,-58187,33,54,0,0,33,54,98516,127948,47639,117063,50877,10885
2016-10-05,91901,386812,55311,333800,36590,53012,890,1971,890,1971,0,0,78063,665531,36308,374451,41755,291080,86517,141360,106723,208370,-20206,-67010,19,30,0,0,19,30,90214,132742,47128,123359,43086,9383
2016-10-06,104255,401596,72220,393240,32035,8356,890,2026,890,2026,0,0,79682,678108,41165,402910,38517,275198,105846,135124,113964,189680,-8118,-54556,0,0,0,0,0,0,97651,125105,49653,119009,47998,6096
2016-10-07,114045,398668,74859,383556,39186,15112,890,1886,890,1886,0,0,81912,667659,42666,402058,39246,265601,118517,146223,131365,229293,-12848,-83070,0,0,0,0,0,0,103088,130586,55813,136173,47275,-5587
2016-10-11,118228,310901,79494,296006,38734,14895,890,1426,890,1426,0,0,88173,580169,42396,337671,45777,242498,131011,181423,131645,279709,-634,-98286,0,0,0,0,0,0,113083,158316,55340,153343,57743,4973
2016-10-12,98259,369641,58817,319665,39442,49976,890,1663,890,1663,0,0,88608,661589,41065,379265,47543,282324,97909,130473,110504,149613,-12595,-19140,0,0,0,0,0,0,113566,118353,55867,112995,57699,5358
2016-10-13,110145,298901,89251,351318,20894,-52417,930,1314,930,1314,0,0,89255,587567,46467,347269,42788,240298,114908,211406,105558,189328,9350,22078,0,0,0,0,0,0,137342,168708,53536,132004,83806,36704
2016-10-14,110862,269662,93035,296501,17827,-26839,930,1139,930,1139,0,0,92787,551135,49466,321726,43321,229409,121874,241155,109704,210156,12170,30999,0,0,0,0,0,0,144545,186924,54834,147128,89711,39796
2016-10-17,118560,262996,117677,318454,883,-55458,930,1039,930,1039,0,0,94245,553248,51568,319227,42677,234021,140581,234719,107736,192818,32845,41901,0,0,0,0,0,0,154573,176350,53374,144487,101199,31863
2016-10-18,136148,328842,99703,340227,36445,-11385,1030,1219,1030,1219,0,0,96585,615547,48645,354053,47940,261494,133567,161140,120768,152579,12799,8561,0,0,0,0,0,0,155186,129360,51057,125753,104129,3607
2016-10-19,81596,314769,33443,235937,48153,78832,930,1342,930,1342,0,0,72678,624960,30883,316661,41795,308299,53786,89006,66221,146957,-12435,-57951,45,104,0,0,45,104,61130,95141,35642,117149,25488,-22008
2016-10-20,109931,375725,55014,313899,54917,61826,930,1405,930,1405,0,0,73672,646137,34496,342634,39176,303503,93321,110465,100254,200732,-6933,-90267,29,51,0,0,29,51,65234,83666,43055,123341,22179,-39675
2016-10-21,118984,368216,56725,293952,62259,74264,930,1251,930,1251,0,0,78205,631608,37977,337963,40228,293645,105393,118044,111278,225762,-5885,-107718,0,0,0,0,0,0,73514,91918,49665,146965,23849,-55047
2016-10-24,123510,415902,58270,334930,65240,80972,930,1419,930,1419,0,0,79180,673552,38213,365265,40967,308287,105438,100856,102216,150096,3222,-49240,0,0,0,0,0,0,75109,76361,49386,115482,25723,-39121
2016-10-25,135631,553515,62100,396393,73531,157122,958,2082,930,1816,28,266,82781,761463,35955,405903,46826,355560,112199,90066,115343,94560,-3144,-4494,47,81,28,2,19,79,81189,65828,50986,84825,30203,-18997
2016-10-26,102178,385087,42358,277690,59820,107397,930,1481,930,1481,0,0,81326,691490,34583,360617,46743,330873,74772,104591,75130,138402,-358,-33811,0,0,0,0,0,0,76856,83579,44699,93741,32157,-10162
2016-10-27,110215,329496,56828,283426,53387,46070,930,1131,930,1131,0,0,84757,639151,37151,334618,47606,304533,98885,136460,82366,174896,16519,-38436,0,0,0,0,0,0,91745,104972,43789,106415,47956,-1443
2016-10-28,114968,326940,60679,281041,54289,45899,930,1111,930,1111,0,0,87610,634718,37675,329965,49935,304753,106526,139531,89728,189317,16798,-49786,0,0,0,0,0,0,104979,130296,44851,114176,60128,16120
2016-10-31,116099,359647,67670,281390,48429,78257,950,1180,930,1151,20,29,93545,663862,38829,342966,54716,320896,108300,142107,92703,171014,15597,-28907,0,0,20,35,-20,-35,125235,156406,43003,110963,82232,45443
2016-11-01,118844,338981,76595,320656,42249,18325,950,1197,930,1179,20,18,96616,672552,39935,344582,56681,327970,117190,158638,91649,153272,25541,5366,0,0,20,26,-20,-26,131791,177285,43378,114662,88413,62623
2016-11-02,107751,256610,77925,293927,29826,-37317,956,862,930,829,26,33,95980,546374,41977,285164,54003,261210,92644,259485,71577,223753,21067,35732,0,0,0,0,0,0,131343,322972,43527,189010,87816,133962
2016-11-03,116775,230375,88783,259756,27992,-29381,951,664,930,628,21,36,96617,470779,42711,249955,53906,220824,106515,332530,81494,308133,25021,24397,0,0,0,0,0,0,138274,394387,47125,240286,91149,154101
2016-11-04,114055,223200,103149,264476,10906,-41276,930,591,930,591,0,0,101753,456129,46130,245651,55623,210478,110406,351724,88001,328701,22405,23023,0,0,0,0,0,0,163739,477027,53722,273788,110017,203239
2016-11-07,124647,345387,112938,401989,11709,-56602,950,913,930,839,20,74,109872,583259,51765,343296,58107,239963,127470,228418,106544,220864,20926,7554,0,0,20,66,-20,-66,177669,280648,52172,169076,125497,111572
2016-11-08,133030,357213,120080,401748,12950,-44535,942,887,930,841,12,46,124185,614373,53849,368453,70336,245920,132511,207652,121804,205692,10707,1960,0,0,12,28,-12,-28,206738,266429,53573,162238,153165,104191
2016-11-09,100774,187415,103528,198719,-2754,-11304,1130,772,930,357,200,415,95348,344590,58875,199879,36473,144711,89131,446667,94066,559927,-4935,-113260,0,0,0,0,0,0,159330,738710,57839,426287,101491,312423
2016-11-10,108293,291603,106042,342184,2251,-50581,1130,1612,930,472,200,1140,96543,486630,62280,314688,34263,171942,105630,169366,116446,183646,-10816,-14280,0,0,0,0,0,0,178576,188631,56962,133701,121614,54930
2016-11-11,109051,202940,141996,218750,-32945,-15810,1130,473,930,238,200,235,99143,341293,74636,215635,24507,125658,106068,422145,117441,447802,-11373,-25657,0,0,0,0,0,0,197819,592937,59704,336153,138115,256784
2016-11-14,113407,198730,151875,208421,-38468,-9691,1130,327,930,212,200,115,104286,350362,79220,208018,25066,142344,121364,418880,120903,450552,461,-31672,10,7,0,0,10,7,202245,580409,58939,339213,143306,241196
2016-11-15,119412,183139,154010,195176,-34598,-12037,1245,181,1045,166,200,15,107873,336545,77409,182118,30464,154427,117506,387281,127602,469093,-10096,-81812,12,5,2,0,10,5,213077,613172,65276,384923,147801,228249
2016-11-16,55243,159923,47170,191274,8073,-31351,960,108,960,108,0,0,75689,345810,29181,183373,46508,162437,46939,160614,59544,190846,-12605,-30232,0,0,0,0,0,0,102452,330063,43279,230877,59173,99186
2016-11-17,70366,195174,62456,244624,7910,-49450,960,84,960,84,0,0,79918,359380,32500,197431,47418,161949,76277,177657,84577,241381,-8300,-63724,0,0,0,0,0,0,111726,338526,46450,229573,65276,108953
2016-11-18,79554,229365,65484,263728,14070,-34363,960,84,960,84,0,0,84036,383637,33054,205555,50982,178082,84889,168083,95875,228557,-10986,-60474,32,54,0,0,32,54,116264,308639,46933,201070,69331,107569
2016-11-21,81978,252767,69634,290066,12344,-37299,960,83,960,83,0,0,86785,406230,33962,219754,52823,186476,93342,160143,107193,209625,-13851,-49482,48,86,0,0,48,86,120227,279315,48547,179785,71680,99530
2016-11-22,101379,403307,67289,384656,34090,18651,960,142,960,142,0,0,96656,541922,33722,272450,62934,269472,85130,114605,130883,160666,-45753,-46061,42,83,0,0,42,83,127483,192615,51771,121947,75712,70668
2016-11-23,90695,364937,58674,332685,32021,32252,960,138,960,138,0,0,100965,574424,32089,272120,68876,302304,67014,104126,104331,161827,-37317,-57701,40,60,0,0,40,60,130170,174590,47952,104477,82218,70113
2016-11-24,98474,339354,69746,338650,28728,704,960,96,960,96,0,0,102820,534598,33402,256349,69418,278249,82880,128763,111515,204107,-28635,-75344,48,77,0,0,48,77,138418,196989,48221,113243,90197,83746
2016-11-25,106496,376117,69011,341974,37485,34143,960,98,960,98,0,0,104425,552401,33658,265613,70767,286788,91490,122042,120794,197806,-29304,-75764,78,111,0,0,78,111,142923,179890,48976,105377,93947,74513
2016-11-28,116514,454864,69483,391893,47031,62971,960,148,960,148,0,0,108720,641514,34914,307531,73806,333983,89963,101216,128959,164478,-38996,-63262,67,101,0,0,67,101,145882,153709,53369,93094,92513,60615
2016-11-29,121527,412075,70637,369350,50890,42725,960,109,960,109,0,0,109384,609273,36852,295189,72532,314084,91958,115725,128522,187138,-36564,-71413,15,24,0,0,15,24,150410,182660,54380,104147,96030,78513
2016-11-30,108128,435481,62883,364806,45245,70675,960,110,960,110,0,0,108162,636758,36417,306351,71745,330407,70145,103178,119017,172753,-48872,-69575,0,0,0,0,0,0,144298,169312,57141,96398,87157,72914
2016-12-01,115649,480973,64879,397692,50770,83281,960,133,960,133,0,0,113511,679003,36936,326854,76575,352149,79526,98189,134106,158226,-54580,-60037,0,0,0,0,0,0,151732,147183,60650,86284,91082,60899
2016-12-02,116463,363051,87422,385851,29041,-22800,960,71,960,71,0,0,120794,544680,38972,270172,81822,274508,96710,185191,136735,268831,-40025,-83640,0,0,0,0,0,0,163677,245172,61930,133380,101747,111792
2016-12-05,116738,337432,89437,358487,27301,-21055,960,55,960,55,0,0,118942,517379,40381,261980,78561,255399,111767,176245,145369,270555,-33602,-94310,0,0,0,0,0,0,168481,238903,63914,133144,104567,105759
2016-12-06,131610,510751,84505,428117,47105,82634,960,83,960,83,0,0,125166,642356,40962,325220,84204,317136,106043,94812,172843,166531,-66800,-71719,0,0,0,0,0,0,178339,192318,68561,109691,109778,82627
2016-12-07,95009,431701,73639,400217,21370,31484,960,77,960,77,0,0,123292,634606,41513,325210,81779,309396,77573,80378,138453,164427,-60880,-84049,0,0,0,0,0,0,175056,188701,71316,112388,103740,76313
2016-12-08,97824,579236,73706,497112,24118,82124,960,210,960,210,0,0,122953,809786,43053,423945,79900,385841,81801,61306,145232,110844,-63431,-49538,24,20,0,0,24,20,184520,145424,73735,91172,110785,54252
2016-12-09,102647,609446,76142,525023,26505,84423,960,256,960,256,0,0,123483,850064,45481,450956,78002,399108,91581,60458,152461,115391,-60880,-54933,40,47,0,0,40,47,192191,151547,78367,96619,113824,54928
2016-12-12,105241,517515,81414,481335,23827,36180,960,130,960,130,0,0,123486,775062,47736,409398,75750,365664,103615,79166,148972,129059,-45357,-49893,4,5,0,0,4,5,207355,214268,86122,135953,121233,78315
2016-12-13,107982,545060,82650,504172,25332,40888,960,127,960,127,0,0,123638,808368,51203,439724,72435,368644,104017,63288,145339,103133,-41322,-39845,8,7,0,0,8,7,211582,197537,88663,127417,122919,70120
2016-12-14,87308,499397,76708,472063,10600,27334,960,102,960,102,0,0,127912,793508,53448,430034,74464,363474,74372,69478,131056,111289,-56684,-41811,0,0,0,0,0,0,208159,219226,92087,151292,116072,67934
2016-12-15,94440,465007,83578,476011,10862,-11004,960,28,960,28,0,0,132349,775918,58045,421938,74304,353980,89240,68691,134477,94499,-45237,-25808,0,0,0,0,0,0,228107,204982,89586,136002,138521,68980
2016-12-16,91022,372747,88919,427952,2103,-55205,960,14,960,14,0,0,130415,660692,58606,361183,71809,299509,101135,106349,131003,122813,-29868,-16464,0,0,0,0,0,0,228014,236104,91279,162867,136735,73237
2016-12-19,95880,298289,86270,352641,9610,-54352,960,10,960,10,0,0,129964,547911,56825,294777,73139,253134,108088,139352,144418,196324,-36330,-56972,0,0,0,0,0,0,231301,283791,93295,203254,138006,80537
2016-12-20,95288,310884,99655,390853,-4367,-79969,1093,37,1065,16,28,21,132377,567565,59838,314546,72539,253019,109092,128085,134464,131476,-25372,-3391,0,0,0,0,0,0,230094,240560,95418,181798,134676,58762
2016-12-21,40713,97409,41569,82367,-856,15042,380,183,380,340,0,-157,49459,179210,25018,77742,24441,101468,38231,66019,42937,93256,-4706,-27237,140,221,140,329,0,-108,65510,232537,34443,157092,31067,75445
2016-12-22,55414,91803,55414,71283,0,20520,380,75,380,158,0,-83,53494,137571,29410,59604,24084,77967,66262,117322,54389,172416,11873,-55094,140,312,140,483,0,-171,79528,323033,36204,209616,43324,113417
2016-12-23,62721,86889,60927,68302,1794,18587,380,59,380,124,0,-65,55499,123566,34170,58984,21329,64582,77470,146416,61695,218736,15775,-72320,140,364,140,553,0,-189,81072,360310,37808,237500,43264,122810
2016-12-26,72128,101737,63102,81978,9026,19759,380,59,380,129,0,-70,57549,135497,32232,64592,25317,70905,85893,123710,60867,157389,25026,-33679,140,273,140,434,0,-161,84129,320153,38479,210194,45650,109959
2016-12-27,75202,95712,64591,74676,10611,21036,380,50,380,106,0,-56,57798,129679,32725,62452,25073,67227,89203,129900,62428,165130,26775,-35230,140,266,140,427,0,-161,87393,329700,39042,216956,48351,112744
2016-12-28,52760,134776,51420,93848,1340,40928,380,90,380,192,0,-102,58724,178685,27257,80084,31467,98601,56712,79330,49751,96125,6961,-16795,140,123,140,214,0,-91,88692,247747,38146,153588,50546,94159
2016-12-29,75170,131887,59261,99745,15909,32142,380,61,380,142,0,-81,60373,163389,30278,76741,30095,86648,84832,105726,65248,168815,19584,-63089,140,158,140,273,0,-115,98068,278262,41322,181926,56746,96336
2016-12-30,90672,198928,60986,151932,29686,46996,380,113,380,260,0,-147,65291,214665,29776,103717,35515,110948,90669,86167,62936,95848,27733,-9681,140,98,140,168,0,-70,107098,223741,41285,135150,65813,88591
2017-01-03,101038,203240,66965,185615,34073,17625,380,104,380,262,0,-158,67216,221276,31140,109121,36076,112155,94874,80126,57472,74606,37402,5520,140,65,140,119,0,-54,107468,198158,42722,123757,64746,74401
2017-01-04,66660,170654,51366,104025,15294,66629,380,74,380,194,0,-120,65740,209984,30935,98284,34805,111700,62589,74604,49311,75645,13278,-1041,140,49,140,95,0,-46,100895,195937,43958,129099,56937,66838
2017-01-05,80743,213700,60825,174561,19918,39139,380,123,380,319,0,-196,72133,271524,30792,124261,41341,147263,75834,65933,60681,73846,15153,-7913,140,22,140,40,0,-18,108908,153730,42732,91426,66176,62304
2017-01-06,90701,229296,62470,199691,28231,29605,380,122,380,346,0,-224,75965,291293,31656,134032,44309,157261,83122,63392,70800,76758,12322,-13366,140,15,140,25,0,-10,111272,147219,44492,86779,66780,60440
2017-01-09,92219,202399,71592,198009,20627,4390,380,87,380,262,0,-175,79845,270415,33234,119310,46611,151105,96272,92476,79432,112169,16840,-19693,140,15,140,25,0,-10,116083,166814,45493,96179,70590,70635
2017-01-10,94752,207557,70177,185804,24575,21753,380,58,380,215,0,-157,82327,268308,33348,115182,48979,153126,95489,89010,86191,108981,9298,-19971,140,11,140,18,0,-7,119744,169993,46604,99612,73140,70381
2017-01-11,62772,191241,63124,148212,-352,43029,380,51,380,187,0,-136,84246,268508,33858,113239,50388,155269,69646,80058,62870,82691,6776,-2633,140,8,140,15,0,-7,122373,179441,46295,101741,76078,77700
2017-01-12,78234,267653,72455,234763,5779,32890,380,97,380,370,0,-273,92429,365616,31479,147548,60950,218068,78331,65487,75365,84138,2966,-18651,140,4,140,6,0,-2,133432,161316,46495,88281,86937,73035
2017-01-13,73370,208340,86386,206353,-13016,1987,380,47,380,215,0,-168,93564,322285,36793,135177,56771,187108,104656,99847,81504,95969,23152,3878,140,4,140,5,0,-1,143941,196807,48785,111083,95156,85724
2017-01-16,78261,147285,102290,131420,-24029,15865,550,305,550,595,0,-290,98567,254036,37175,84846,61392,169190,110764,193982,90054,159931,20710,34051,310,246,310,362,0,-116,155864,281636,51483,164237,104381,117399
2017-01-17,85966,203220,104706,214118,-18740,-10898,550,384,550,743,0,-359,105221,319977,41389,129072,63832,190905,120261,155353,106730,155958,13531,-605,310,188,310,274,0,-86,158125,241388,56821,165666,101304,75722
2017-01-18,55635,124643,50563,145642,5072,-20999,210,314,210,616,0,-302,80360,284565,21429,81274,58931,203291,62932,142275,68062,162953,-5130,-20678,170,191,170,281,0,-90,88151,274520,39994,166943,48157,107577
2017-01-19,95079,341775,89781,331402,5298,10373,210,314,210,591,0,-277,81189,276565,31862,117493,49327,159072,114550,355278,103789,426555,10761,-71277,170,191,170,293,0,-102,98863,327278,44981,192436,53882,134842
2017-01-20,104646,389270,87177,347432,17469,41838,210,332,210,668,0,-336,82209,293566,34191,134686,48018,158880,145865,315185,117692,406670,28173,-91485,170,166,170,255,0,-89,114040,315512,47517,187553,66523,127959
2017-01-23,126701,540737,94810,461389,31891,79348,210,491,210,908,0,-417,86962,372038,37519,189113,49443,182925,154216,210234,124050,303925,30166,-93691,170,83,170,136,0,-53,125110,254817,50968,144596,74142,110221
2017-01-24,138664,588939,97085,491648,41579,97291,210,569,210,1028,0,-459,93628,402989,40424,210907,53204,192082,157014,176522,130864,257246,26150,-80724,3870,6098,170,83,3700,6015,137304,228341,52564,123725,84740,104616
2017-02-02,108671,376450,96675,320561,11996,55889,210,232,210,563,0,-331,93331,302885,37817,135206,55514,167679,102553,244289,119199,333680,-16646,-89391,170,48,170,78,0,-30,119358,264949,49591,137626,69767,127323
2017-02-03,117591,475987,105626,435447,11965,40540,210,369,210,820,0,-451,94733,362376,38737,169865,55996,192511,128745,173231,127742,256901,1003,-83670,170,25,170,38,0,-13,127977,240982,51652,119047,76325,121935
2017-02-06,130337,640436,106660,548155,23677,92281,210,541,210,1119,0,-578,105821,448880,36888,203281,68933,245599,147809,143526,153782,211651,-5973,-68125,170,13,170,20,0,-7,147118,254952,54090,108290,93028,146662
2017-02-07,130995,684050,114439,604567,16556,79483,210,575,210,1204,0,-629,109141,464408,38465,219350,70676,245058,156888,128490,164042,216720,-7154,-88230,170,9,170,15,0,-6,157342,302942,56705,137280,100637,165662
2017-02-08,115957,602149,91402,513216,24555,88933,210,506,210,1126,0,-620,114694,450231,37016,206659,77678,243572,114038,108625,136577,214083,-22539,-105458,170,9,170,14,0,-5,163463,337974,58196,157047,105267,180927
2017-02-09,114466,722556,95292,651197,19174,71359,210,781,210,1555,0,-774,120167,528219,37730,247653,82437,280566,125460,81958,147306,178238,-21846,-96280,170,4,170,4,0,0,175678,287393,58999,131151,116679,156242
2017-02-10,130448,1061062,96330,807566,34118,253496,210,1387,210,2237,0,-850,124689,726891,37333,336628,87356,390263,122420,66975,172673,170363,-50253,-103388,170,3,170,4,0,-1,187044,292245,64979,134621,122065,157624
2017-02-13,130927,1191107,108571,947418,22356,243689,210,1779,210,2620,0,-841,128720,841559,36677,386300,92043,455259,126749,66061,174687,144446,-47938,-78385,170,3,170,3,0,0,189542,260116,68038,118423,121504,141693
2017-02-14,132490,1229575,106600,951326,25890,278249,210,1796,210,2646,0,-850,130301,856646,37303,397228,92998,459418,131744,87559,197312,177603,-65568,-90044,170,3,170,3,0,0,192689,265963,73313,132669,119376,133294
2017-02-15,66360,392203,62338,320088,4022,72115,170,357,170,638,0,-281,99991,876847,22069,238391,77922,638456,65096,65434,101843,157086,-36747,-91652,170,179,170,285,0,-106,112133,219300,48192,115285,63941,104015
2017-02-16,84717,369309,80557,349781,4160,19528,170,323,170,570,0,-247,99323,801097,28829,243162,70494,557935,102293,105384,110564,205905,-8271,-100521,170,200,170,319,0,-119,125237,250478,53949,150201,71288,100277
2017-02-17,91254,373365,83021,347420,8233,25945,170,272,170,510,0,-238,99160,771613,31397,244551,67763,527062,111854,124684,116656,230389,-4802,-105705,170,187,170,293,0,-106,129688,255839,57114,157377,72574,98462
2017-02-18,100001,383554,88671,378448,11330,5106,170,298,170,536,0,-238,99544,802345,31580,254905,67964,547440,119211,113901,113320,181567,5891,-67666,170,136,170,230,0,-94,130732,228261,56974,135010,73758,93251
2017-02-20,111672,360755,89916,345801,21756,14954,170,230,170,434,0,-204,101382,743998,31695,235202,69687,508796,127735,132126,115288,202259,12447,-70133,170,140,170,242,0,-102,133184,245261,57126,145201,76058,100060
2017-02-21,121108,362625,102330,366698,18778,-4073,170,208,170,408,0,-200,103916,738570,32833,237683,71083,500887,141062,152147,119440,215431,21622,-63284,170,119,170,200,0,-81,140695,285953,61642,155761,79053,130192
2017-02-22,84055,365442,90641,357396,-6586,8046,170,208,170,421,0,-213,101275,759292,31635,248444,69640,510848,85779,125491,102886,215726,-17107,-90235,170,106,170,179,0,-73,142174,329069,65692,178831,76482,150238
2017-02-23,102207,349790,92658,335339,9549,14451,170,170,170,357,0,-187,104139,732485,31528,236787,72611,495698,118010,136569,118107,249809,-97,-113240,170,94,170,170,0,-76,152259,330588,68560,177113,83699,153475
2017-02-24,115382,333129,95386,327373,19996,5756,170,166,170,336,0,-170,104716,712207,31353,230217,73363,481990,145336,145189,114263,256184,31073,-110995,170,89,170,174,0,-85,169517,365197,81712,198840,87805,166357
2017-03-01,84690,248232,99737,250746,-15047,-2514,170,63,170,149,0,-86,103081,559076,31454,181983,71627,377093,100331,192108,106047,272957,-5716,-80849,170,119,170,238,0,-119,170406,458300,84501,259540,85905,198760
2017-03-02,103271,259505,111612,272899,-8341,-13394,170,60,170,140,0,-80,106141,565410,31816,184885,74325,380525,128909,192918,112877,290183,16032,-97265,170,85,170,187,0,-102,181345,452919,87856,248205,93489,204714
2017-03-03,117425,211677,124543,223559,-7118,-11882,170,20,170,49,0,-29,110830,464321,31816,146817,79014,317504,140493,278542,118701,348976,21792,-70434,170,115,170,251,0,-136,189616,545703,90852,307350,98764,238353
2017-03-06,129165,255885,126009,284531,3156,-28646,170,20,170,54,0,-34,120418,526269,33194,165708,87224,360561,138525,193941,135439,292628,3086,-98687,170,54,170,119,0,-65,193446,451385,96931,246612,96515,204773
2017-03-07,127133,297573,119958,300157,7175,-2584,170,14,170,53,0,-39,122278,583134,33786,184192,88492,398942,143082,161777,137441,206403,5641,-44626,170,24,170,54,0,-30,201458,359025,98605,181849,102853,177176
2017-03-08,86257,257299,99917,258324,-13660,-1025,170,14,170,48,0,-34,124684,603934,33772,191895,90912,412039,97411,134918,113265,176832,-15854,-41914,170,20,170,35,0,-15,207637,325602,107525,160487,100112,165115
2017-03-09,86225,187573,108820,214346,-22595,-26773,170,3,170,8,0,-5,125318,441334,35671,147085,89647,294249,107341,207816,111063,261316,-3722,-53500,170,30,170,94,0,-64,228242,481041,107926,241328,120316,239713
2017-03-10,90323,190655,110609,171187,-20286,19468,170,1,170,2,0,-1,132456,401194,35060,130632,97396,270562,109914,211343,115724,257048,-5810,-45705,170,18,170,68,0,-50,248643,499701,92768,244057,155875,255644
2017-03-13,101124,256777,109126,209629,-8002,47148,170,1,170,1,0,0,137276,495133,34562,157756,102714,337377,107839,156363,130918,184664,-23079,-28301,170,9,170,19,0,-10,248446,363074,89698,167296,158748,195778
2017-03-14,96642,294469,111661,267695,-15019,26774,340,231,340,445,0,-214,144636,621607,34776,189522,109860,432085,103450,128603,133379,152408,-29929,-23805,340,260,340,400,0,-140,249101,298365,89385,133281,159716,165084
2017-03-15,55863,201798,42992,117018,12871,84780,170,221,170,412,0,-191,77271,302098,17811,112001,59460,190097,50823,108040,65448,160570,-14625,-52530,170,268,170,412,0,-144,129630,306469,36556,138901,93074,167568
2017-03-16,68776,308904,50905,192249,17871,116655,170,425,170,748,0,-323,86512,424317,19274,154422,67238,269895,75201,94903,82174,130410,-6973,-35507,170,123,170,196,0,-73,141178,210497,41786,95041,99392,115456
2017-03-17,73732,355177,61017,232674,12715,122503,170,536,170,884,0,-348,89583,483769,20813,178980,68770,304789,85489,101050,75627,83969,9862,17081,170,83,170,132,0,-49,144598,173529,43787,77753,100811,95776
2017-03-20,74069,338446,66210,239232,7859,99214,170,536,170,876,0,-340,91238,487554,21837,184730,69401,302824,98972,121273,81682,85585,17290,35688,170,77,170,111,0,-34,145781,164815,44926,77639,100855,87176
2017-03-21,95758,416043,68154,309682,27604,106361,170,740,170,1190,0,-450,97718,595346,21267,212177,76451,383169,103184,114644,97281,81861,5903,32783,170,52,170,79,0,-27,151871,141941,51371,67620,100500,74321
2017-03-22,63383,283343,65614,218231,-2231,65112,170,510,170,884,0,-374,99647,494204,19913,172890,79734,321314,74697,162911,68013,91667,6684,71244,170,82,170,132,0,-50,156421,201837,55251,97138,101170,104699
2017-03-23,80005,294673,73480,234694,6525,59979,170,527,170,918,0,-391,103585,517454,20031,176624,83554,340830,105473,172652,76862,103561,28611,69091,170,69,170,106,0,-37,159380,189860,57921,92358,101459,97502
2017-03-24,80564,291790,77585,224014,2979,67776,170,510,170,884,0,-374,104939,511224,21016,174856,83923,336368,117812,180185,84813,124497,32999,55688,170,70,170,111,0,-41,165993,215260,60484,101054,105509,114206
2017-03-27,95530,281323,76267,188570,19263,92753,170,391,170,723,0,-332,108061,458367,21580,162608,86481,295759,139319,198716,97851,179939,41468,18777,170,89,170,140,0,-51,175593,251738,62198,120233,113395,131505
2017-03-28,98346,294302,92305,220472,6041,73830,170,417,170,757,0,-340,113174,488512,22974,176090,90200,312422,155644,188204,94620,147729,61024,40475,170,56,170,98,0,-42,178427,227664,64787,113630,113640,114034
2017-03-29,70682,266085,85509,213234,-14827,52851,170,340,170,646,0,-306,111409,455094,24708,171039,86701,284055,93557,194038,86173,162320,7384,31718,170,63,170,102,0,-39,174866,248752,67298,130644,107568,118108
2017-03-30,83535,256557,87671,195225,-4136,61332,170,285,170,561,0,-276,111124,432965,26815,169601,84309,263364,128467,203713,96253,188714,32214,14999,170,55,170,89,0,-34,185453,254030,74603,142753,110850,111277
2017-03-31,95194,226890,88086,170254,7108,56636,170,213,170,434,0,-221,108922,390136,28243,154590,80679,235546,140761,213416,99463,217352,41298,-3936,170,57,170,98,0,-41,197943,282872,74441,151774,123502,131098
2017-04-05,71488,359994,81676,250068,-10188,109926,170,510,170,952,0,-442,109911,560789,27301,219128,82610,341661,91711,126420,91034,89567,677,36853,170,21,170,31,0,-10,191966,163826,71710,75209,120256,88617
2017-04-06,75940,278636,95038,228571,-19098,50065,170,293,170,612,0,-319,110865,463826,29042,186111,81823,277715,129613,188264,96815,137632,32798,50632,170,23,170,39,0,-16,211471,222440,72440,99421,139031,123019
2017-04-07,81536,256336,100148,230036,-18612,26300,170,183,170,451,0,-268,115143,422662,30401,172770,84742,249892,138220,208761,94178,131316,44042,77445,170,30,170,47,0,-17,236449,268203,72000,113559,164449,154644
2017-04-10,81703,263679,103448,246085,-21745,17594,170,179,170,451,0,-272,116648,438301,29970,176905,86678,261396,141720,184373,101118,135005,40602,49368,170,19,170,31,0,-12,241560,265098,73057,110041,168503,155057
2017-04-11,90390,229760,107516,181742,-17126,48018,170,70,170,230,0,-160,117131,376828,31710,149880,85421,226948,146627,263353,112985,237046,33642,26307,170,26,170,43,0,-17,258186,437237,75432,159593,182754,277644
2017-04-12,76372,237256,94871,180126,-18499,57130,170,34,170,149,0,-115,115957,366492,27797,134254,88160,232238,89815,199689,103380,238571,-13565,-38882,170,18,170,29,0,-11,241224,449271,76804,156143,164420,293128
2017-04-13,94086,281460,95937,196851,-1851,84609,170,34,170,187,0,-153,122614,395868,25161,147288,97453,248580,99493,165687,117038,232020,-17545,-66333,170,6,170,11,0,-5,269872,414473,78173,145205,191699,269268
2017-04-14,82518,168248,111863,150706,-29345,17542,170,5,170,20,0,-15,126033,280101,25340,98909,100693,181192,105576,328088,112845,382282,-7269,-54194,170,33,170,63,0,-30,300553,699496,83222,256705,217331,442791
2017-04-17,88016,177840,123422,152187,-35406,25653,170,3,170,6,0,-3,133354,283082,26444,96872,106910,186210,108209,287655,110835,336573,-2626,-48918,170,6,170,11,0,-5,317205,609307,87010,235906,230195,373401
2017-04-18,88942,180291,138276,184641,-49334,-4350,170,1,170,3,0,-2,135136,287962,26354,99444,108782,188518,120906,277678,117676,323097,3230,-45419,170,3,170,6,0,-3,320979,557683,85007,216239,235972,341444
2017-04-19,62335,109302,77425,121592,-15090,-12290,170,94,170,213,0,-119,97261,202770,14660,60055,82601,142715,77410,259999,74628,326408,2782,-66409,170,510,170,731,0,-221,147119,625745,30165,219319,116954,406426
2017-04-20,89194,135741,92979,145649,-3785,-9908,170,66,170,166,0,-100,99987,194762,14474,56520,85513,138242,95959,255113,86538,337771,9421,-82658,170,468,170,689,0,-221,167355,602709,30606,218304,136749,384405
2017-04-21,104073,222987,96723,201461,7350,21526,170,111,170,255,0,-144,116604,257470,14289,67332,102315,190138,105144,184184,97401,240994,7743,-56810,170,285,170,434,0,-149,204551,452167,32791,172372,171760,279795
2017-04-24,98395,209164,98398,178718,-3,30446,170,89,170,213,0,-124,114233,237162,16873,74524,97360,162638,108481,173369,106144,228062,2337,-54693,170,208,170,340,0,-132,199743,400414,36293,166262,163450,234152
2017-04-25,100289,349364,99645,270114,644,79250,170,196,170,425,0,-229,114618,340966,19115,115063,95503,225903,114235,127955,142999,156526,-28764,-28571,170,94,170,153,0,-59,207788,280914,40348,126691,167440,154223
2017-04-26,80286,293617,87326,211162,-7040,82455,170,255,170,510,0,-255,110475,353685,18701,116970,91774,236715,81847,128729,118323,162298,-36476,-33569,170,80,170,123,0,-43,182204,264797,41532,114921,140672,149876
2017-04-27,86803,291247,99021,234524,-12218,56723,170,230,170,485,0,-255,111884,343830,20980,122929,90904,220901,106469,135201,132127,169120,-25658,-33919,170,68,170,106,0,-38,205543,271707,45825,121877,159718,149830
2017-04-28,92955,307699,103093,263327,-10138,44372,170,234,170,493,0,-259,111593,347270,23710,136888,87883,210382,123845,143620,140872,155724,-17027,-12104,170,54,170,82,0,-28,214936,243292,47251,109768,167685,133524
2017-05-02,101262,429796,100483,316782,779,113014,170,353,170,740,0,-387,116388,441197,22360,164828,94028,276369,126644,125084,151314,119082,-24670,6002,170,33,170,48,0,-15,220278,195634,48160,80992,172118,114642
2017-05-03,91562,394835,88068,265447,3494,129388,170,349,170,757,0,-408,120480,451585,20952,162411,99528,289174,94219,118872,138958,122170,-44739,-3298,170,31,170,45,0,-14,216268,200422,46618,80794,169650,119628
2017-05-04,96116,422470,108418,333271,-12302,89199,170,408,170,884,0,-476,129392,492085,21972,176528,107420,315557,118618,130898,140815,114366,-22197,16532,170,26,170,37,0,-11,226263,189594,48150,75567,178113,114027
2017-05-05,103892,302273,118031,255234,-14139,47039,170,191,170,493,0,-302,131908,390206,22593,138952,109315,251254,131440,192524,143997,180522,-12557,12002,170,35,170,54,0,-19,249925,277007,49363,104107,200562,172900
2017-05-08,107305,341740,120335,279766,-13030,61974,170,221,170,587,0,-366,137638,432072,22817,153125,114821,278947,143291,165813,149713,133805,-6422,32008,170,19,170,27,0,-8,254746,218616,49802,84426,204944,134190
2017-05-09,120026,325480,124694,258211,-4668,67269,170,157,170,468,0,-311,159871,423378,22801,145699,137070,277679,145018,206009,166122,186194,-21104,19815,170,21,170,31,0,-10,259110,247108,51790,96899,207320,150209
2017-05-10,98292,376577,110870,302055,-12578,74522,170,242,170,680,0,-438,163613,504473,22448,169262,141165,335211,103612,153400,151969,130256,-48357,23144,170,16,170,21,0,-5,248816,206446,53608,84315,195208,122131
2017-05-11,102060,407051,120928,394189,-18868,12862,170,349,170,876,0,-527,159905,560952,22566,193699,137339,367253,123166,144983,148107,110582,-24941,34401,170,3,170,6,0,-3,252100,167677,53549,73667,198551,94010
2017-05-12,113770,387452,126677,382595,-12907,4857,170,255,170,791,0,-536,159825,533863,23282,189749,136543,344114,146479,163499,147545,115194,-1066,48305,170,3,170,3,0,0,253960,167790,53994,75137,199966,92653
2017-05-15,120648,483462,121545,439430,-897,44032,170,361,170,1097,0,-736,170916,621345,23418,221975,147498,399370,148477,163137,156289,95302,-7812,67835,170,2,170,2,0,0,258797,155234,55443,69565,203354,85669
2017-05-16,120976,462149,126597,429997,-5621,32152,170,272,170,1037,0,-765,171561,588470,23264,214688,148297,373782,145837,150530,165105,106558,-19268,43972,170,2,170,2,0,0,264484,157074,56213,69357,208271,87717
2017-05-17,70258,220711,71283,186165,-1025,34546,180,329,180,963,0,-634,112711,440477,12735,95706,99976,344771,78362,148002,87365,123565,-9003,24437,180,333,180,513,0,-180,126359,192466,32216,85976,94143,106490
2017-05-18,89904,249729,82150,200647,7754,49082,180,266,180,864,0,-598,120151,417634,13536,91068,106615,326566,118732,200948,107116,195884,11616,5064,180,387,180,585,0,-198,155133,258563,31515,88597,123618,169966
2017-05-19,100606,234823,97844,207948,2762,26875,180,212,180,738,0,-526,122794,385496,14040,88158,108754,297338,145477,217389,115447,233508,30030,-16119,180,405,180,612,0,-207,167985,286450,33921,98414,134064,188036
2017-05-22,102845,273434,110983,274004,-8138,-570,180,243,180,837,0,-594,124251,423098,14936,98962,109315,324136,153503,178479,122208,191572,31295,-13093,180,266,180,428,0,-162,171282,236098,34836,77242,136446,158856
2017-05-23,103849,285359,108239,290374,-4390,-5015,180,252,180,873,0,-621,134053,455116,16943,111318,117110,343798,167076,194141,134233,182912,32843,11229,180,198,180,333,0,-135,170859,211310,38098,73689,132761,137621
2017-05-24,84082,271056,95920,259128,-11838,11928,180,257,180,936,0,-679,132468,481224,15748,112981,116720,368243,112905,159444,122562,163516,-9657,-4072,180,144,180,252,0,-108,163968,194517,38358,63159,125610,131358
2017-05-25,103459,399218,109187,361200,-5728,38018,180,468,120,942,60,-474,142939,637657,16184,138043,126755,499614,143184,158507,136995,137958,6189,20549,180,77,180,135,0,-58,173045,157664,39659,48657,133386,109007
2017-05-26,115172,378025,119836,357875,-4664,20150,180,414,120,882,60,-468,148543,614712,17696,136507,130847,478205,162220,192675,147882,181209,14338,11466,180,90,180,162,0,-72,180276,182538,41022,57247,139254,125291
2017-05-31,92641,278523,112355,272922,-19714,5601,180,221,120,600,60,-379,146306,488157,16922,113080,129384,375077,119215,220039,135096,178281,-15881,41758,180,108,180,198,0,-90,179756,217002,41945,66120,137811,150882
2017-06-01,103543,316550,125652,360114,-22109,-43564,180,266,120,726,60,-460,150539,546131,17393,124960,133146,421171,147309,211139,141140,163536,6169,47603,180,74,180,135,0,-61,183533,187734,42456,55668,141077,132066
2017-06-02,107605,420569,129662,424348,-22057,-3779,180,410,120,990,60,-580,155436,663969,17045,146216,138391,517753,160358,202073,146942,134243,13416,67830,180,47,180,79,0,-32,188843,159787,42882,45118,145961,114669
2017-06-03,111631,452749,136114,454904,-24483,-2155,180,450,120,1074,60,-624,156933,692812,17826,155002,139107,537810,162840,207405,153055,121810,9785,85595,180,33,180,54,0,-21,190635,143900,43435,41676,147200,102224
2017-06-05,108332,513607,135421,580863,-27089,-67256,180,639,120,1320,60,-681,157563,810348,17297,169020,140266,641328,161729,192824,172567,119959,-10838,72865,180,36,180,53,0,-17,198079,146727,44600,37865,153479,108862
2017-06-06,106200,455858,134498,517897,-28298,-62039,180,549,120,1230,60,-681,157936,757759,17888,163937,140048,593822,159204,219136,174250,126482,-15046,92654,180,32,180,50,0,-18,200836,156031,44399,36999,156437,119032
2017-06-07,92746,394043,129573,466526,-36827,-72483,180,540,120,1236,60,-696,157211,751834,17111,159444,140100,592390,130747,214194,159689,131829,-28942,82365,180,27,180,41,0,-14,195778,152964,45332,36555,150446,116409
2017-06-08,99196,417206,139903,546389,-40707,-129183,180,621,120,1344,60,-723,158304,803102,19074,177423,139230,625679,149056,202449,165248,127924,-16192,74525,180,20,180,32,0,-12,202900,142027,47938,34635,154962,107392
2017-06-09,106678,379323,140269,455342,-33591,-76019,180,459,120,1206,60,-747,160835,715363,17822,157612,143013,557751,155133,235440,170723,140136,-15590,95304,180,15,180,23,0,-8,206935,150197,51436,37992,155499,112205
2017-06-12,147545,337733,160097,370059,-12552,-32326,180,212,120,834,60,-622,162302,566067,18529,134702,143773,431365,163343,359129,186211,246115,-22868,113014,180,22,180,38,0,-16,230001,239186,51399,55489,178602,183697
2017-06-13,152514,356713,176594,394085,-24080,-37372,180,207,120,894,60,-687,163173,581090,19576,141809,143597,439281,168893,322661,192572,208372,-23679,114289,180,14,180,24,0,-10,233062,213068,52402,47928,180660,165140
2017-06-14,111350,246360,164919,308439,-53569,-62079,180,61,120,540,60,-479,157867,453450,22604,122701,135263,330749,140875,381459,166649,257324,-25774,124135,180,25,180,41,0,-16,230858,287267,51930,73827,178928,213440
2017-06-15,126182,248050,181707,347125,-55525,-99075,180,38,120,546,60,-508,158588,454848,23546,123516,135042,331332,154446,352208,146890,241796,7556,110412,180,5,180,14,0,-9,230163,260000,53821,70475,176342,189525
2017-06-16,132008,374142,173220,405177,-41212,-31035,180,104,120,906,60,-802,162271,579617,23958,153694,138313,425923,165033,241168,163807,173671,1226,67497,180,4,180,5,0,-1,231642,184696,54405,47824,177237,136872
2017-06-19,129243,556230,170103,605957,-40860,-49727,180,450,120,1446,60,-996,166279,806774,29739,220727,136540,586047,168687,170982,194338,127862,-25651,43120,180,2,180,3,0,-1,233490,133659,56194,31355,177296,102304
2017-06-20,125578,734316,156669,816419,-31091,-82103,180,1125,120,1938,60,-813,175482,1102576,23693,273219,151789,829357,161532,136226,220749,105526,-59217,30700,180,2,180,2,0,0,240538,115014,60686,30824,179852,84190
2017-06-21,64853,255882,77665,315466,-12812,-59584,175,228,175,446,0,-218,93720,467542,10631,103534,83089,364008,79823,117577,84789,136835,-4966,-19258,175,241,175,385,0,-144,90249,117889,21551,40431,68698,77458
2017-06-22,78980,306090,91508,381872,-12528,-75782,175,319,175,595,0,-276,102980,555991,13551,123028,89429,432963,108766,124451,90040,121777,18726,2674,175,140,175,249,0,-109,104867,132234,24854,44343,80013,87891
2017-06-23,87391,294992,101091,363517,-13700,-68525,175,267,175,525,0,-258,107753,531870,15025,121506,92728,410364,129090,147384,100058,169592,29032,-22208,175,158,175,276,0,-118,109872,150345,26129,49814,83743,100531
2017-06-26,103620,564089,118885,741196,-15265,-177107,175,875,175,1374,0,-499,118286,976409,23826,240705,94460,735704,140177,150331,125018,104597,15159,45734,175,101,175,162,0,-61,114897,126103,33964,47259,80933,78844
2017-06-27,119333,512729,134121,767691,-14788,-254962,175,823,175,1313,0,-490,119830,949756,27104,248009,92726,701747,151139,184504,118191,120105,32948,64399,175,109,175,166,0,-57,118640,140092,38087,59250,80553,80842
2017-06-28,87047,335373,116988,496562,-29941,-161189,175,464,175,796,0,-332,117409,698935,27655,172138,89754,526797,112140,249679,85688,165329,26452,84350,175,188,175,302,0,-114,127310,222270,30032,83204,97278,139066
2017-06-29,108996,364728,122805,529341,-13809,-164613,175,499,175,866,0,-367,118830,738951,33309,202213,85521,536738,144989,226957,94369,165970,50620,60987,175,127,175,201,0,-74,140468,203417,34319,87684,106149,115733
2017-06-30,118364,328087,135572,497543,-17208,-169456,175,394,175,700,0,-306,126070,694811,34874,188551,91196,506260,161646,278787,100645,202592,61001,76195,175,153,175,254,0,-101,157036,271067,35644,110273,121392,160794
2017-07-03,132019,364146,142512,541751,-10493,-177605,175,416,175,779,0,-363,125915,726148,36588,208231,89327,517917,163734,229260,105567,145693,58167,83567,175,96,175,162,0,-66,159691,227710,36847,91413,122844,136297
2017-07-04,140482,273232,141744,395403,-1262,-122171,175,201,175,455,0,-254,128344,579553,36885,162766,91459,416787,160106,299569,116855,223199,43251,76370,175,149,175,245,0,-96,177172,311228,38100,127318,139072,183910
2017-07-05,81219,335951,119438,497699,-38219,-161748,175,376,175,726,0,-350,126628,716080,34550,208452,92078,507628,123520,199230,112320,156617,11200,42613,175,71,175,118,0,-47,171920,231833,35935,81488,135985,150345
2017-07-06,101393,305315,141738,481675,-40345,-176360,175,276,175,569,0,-293,127123,655105,36567,197330,90556,457775,165264,256248,110111,185360,55153,70888,175,77,175,131,0,-54,181603,275552,37576,97923,144027,177629
2017-07-07,111428,256900,150575,380147,-39147,-123247,175,149,175,337,0,-188,129929,549948,37906,167742,92023,382206,178025,344878,113253,233976,64772,110902,175,109,175,201,0,-92,189474,353354,37567,122336,151907,231018
2017-07-10,124307,253804,147026,360501,-22719,-106697,175,109,175,284,0,-175,130573,533388,41331,167118,89242,366270,186413,300275,123243,238008,63170,62267,175,67,175,131,0,-64,192783,319884,38535,115467,154248,204417
2017-07-11,139676,437298,145143,601171,-5467,-163873,175,324,175,753,0,-429,135571,785181,43036,257596,92535,527585,186186,182881,151523,125980,34663,56901,175,20,175,36,0,-16,199812,201839,41211,63846,158601,137993
2017-07-12,85716,361687,126553,496419,-40837,-134732,175,293,175,700,0,-407,131609,745117,44449,245077,87160,500040,128536,200720,125417,127454,3119,73266,175,22,175,36,0,-14,214259,212322,37459,62723,176800,149599
2017-07-13,115752,464011,128905,662648,-13153,-198637,175,534,175,1173,0,-639,135315,927627,45845,319118,89470,608509,144293,149447,131433,110913,12860,38534,175,4,175,7,0,-3,226060,174526,41682,62538,184378,111988
2017-07-14,121373,418232,140767,629159,-19394,-210927,175,403,175,1006,0,-603,134894,847973,48093,295196,86801,552777,162187,162373,133324,117181,28863,45192,175,4,175,4,0,0,230180,174911,42437,61582,187743,113329
2017-07-17,133291,459849,143794,689856,-10503,-230007,175,499,175,1225,0,-726,136802,903122,48842,321759,87960,581363,169330,144296,145317,103705,24013,40591,175,3,175,4,0,-1,235222,160498,43732,54338,191490,106160
2017-07-18,145233,491786,152004,779049,-6771,-287263,175,613,175,1435,0,-822,135480,951814,54056,358438,81424,593376,170754,123965,150798,96016,19956,27949,175,2,175,2,0,0,235703,143003,46186,54057,189517,88946
2017-07-19,68633,233131,56289,294749,12344,-61618,175,276,175,516,0,-240,86269,685761,26861,212396,59408,473365,58126,87218,85156,84236,-27030,2982,175,280,175,438,0,-158,121440,133754,27717,59643,93723,74111
2017-07-20,79971,230751,69416,333401,10555,-102650,175,276,175,525,0,-249,92572,704002,30082,227965,62490,476037,94902,105181,94670,87825,232,17356,175,232,175,381,0,-149,141546,137196,29478,63163,112068,74033
2017-07-21,90837,192431,84337,298924,6500,-106493,175,166,175,341,0,-175,93633,605895,30722,192233,62911,413662,120306,154789,98853,115269,21453,39520,175,302,175,508,0,-206,146723,168237,28194,72752,118529,95485
2017-07-24,110545,225024,85216,332550,25329,-107526,175,175,175,376,0,-201,94725,636099,31713,207352,63012,428747,125684,132543,113762,102631,11922,29912,175,228,175,381,0,-153,149375,148999,30595,66867,118780,82132
2017-07-25,112650,224016,94505,362641,18145,-138625,175,166,175,359,0,-193,96135,636710,32665,210211,63470,426499,129519,138720,112264,93398,17255,45322,175,201,175,359,0,-158,150792,145772,30515,64943,120277,80829
2017-07-26,85074,191617,82200,296274,2874,-104657,175,105,175,254,0,-149,95342,565214,31334,182681,64008,382533,91968,163138,95191,104131,-3223,59007,175,223,175,398,0,-175,147614,161295,29729,72446,117885,88849
2017-07-27,111309,309141,81815,442223,29494,-133082,175,236,175,534,0,-298,100145,740181,30880,250542,69265,489639,111375,107498,126693,114096,-15318,-6598,175,92,175,162,0,-70,157983,116701,34001,52245,123982,64456
2017-07-28,106461,207915,104403,339587,2058,-131672,175,88,175,236,0,-148,102804,582110,30375,183851,72429,398259,132303,249378,120470,134694,11833,114684,175,193,175,350,0,-157,182850,207041,31630,75154,151220,131887
2017-07-31,115981,217684,110356,359103,5625,-141419,175,92,175,236,0,-144,107349,601800,32253,196624,75096,405176,131733,207927,137421,142381,-5688,65546,175,149,175,276,0,-127,193399,192643,33231,74193,160168,118450
2017-08-01,113490,234525,101601,341791,11889,-107266,175,88,175,245,0,-157,109204,615646,32015,202460,77189,413186,128560,213477,145168,146967,-16608,66510,175,136,175,245,0,-109,197377,187832,35210,74004,162167,113828
2017-08-02,89001,276794,85883,393414,3118,-116620,175,175,175,446,0,-271,111709,743021,31887,259165,79822,483856,92420,129929,124875,84296,-32455,45633,175,75,175,131,0,-56,187493,143702,33750,49083,153743,94619
2017-08-03,108163,265007,118030,455451,-9867,-190444,175,114,175,328,0,-214,114457,692994,39238,256112,75219,436882,133492,202319,133484,110429,8,91890,175,114,175,201,0,-87,220839,253394,39177,116598,181662,136796
2017-08-04,113323,291378,120561,544308,-7238,-252930,175,158,175,416,0,-258,116713,767929,42495,298286,74218,469643,145576,179891,140927,122971,4649,56920,175,85,175,144,0,-59,233580,295606,43015,138304,190565,157302
2017-08-07,112593,403127,110770,660303,1823,-257176,175,293,175,709,0,-416,121217,960777,42638,386778,78579,573999,145101,151623,170513,121133,-25412,30490,175,39,175,58,0,-19,246318,267868,46128,118544,200190,149324
2017-08-08,115602,384905,128531,675357,-12929,-290452,175,254,175,683,0,-429,121847,938501,44495,385143,77352,553358,151462,166330,171360,127298,-19898,39032,175,33,175,53,0,-20,261478,284084,46759,121450,214719,162634
2017-08-09,100584,288580,124753,527419,-24169,-238839,175,114,175,385,0,-271,120933,796803,45423,309295,75510,487508,123045,253151,145285,159975,-22240,93176,175,50,175,92,0,-42,261795,388817,42340,151270,219455,237547
2017-08-10,117511,208586,140557,369011,-23046,-160425,175,18,175,79,0,-61,122487,616533,51299,222099,71188,394434,130314,409818,175231,335408,-44917,74410,385,863,175,206,210,657,336968,616259,44124,236242,292844,380017
2017-08-11,120766,210109,143352,335132,-22586,-125023,175,10,175,27,0,-17,128207,610414,50960,206920,77247,403494,146316,438388,200284,438681,-53968,-293,385,956,175,232,210,724,378263,767317,44849,272027,333414,495290
2017-08-14,129325,168444,162660,262856,-33335,-94412,175,5,175,11,0,-6,128504,498913,52353,155903,76151,343010,151639,534466,208669,532937,-57030,1529,1585,3271,175,271,1410,3000,376677,885097,46999,350850,329678,534247
2017-08-15,125500,196137,160492,329864,-34992,-133727,175,3,175,8,0,-5,130035,568079,58489,192666,71546,375413,165200,377628,221731,411163,-56531,-33535,1375,1417,175,35,1200,1382,375817,622566,51719,294637,324098,327929
2017-08-16,69135,128225,72624,258746,-3489,-130521,175,179,175,346,0,-167,97308,504961,30716,170778,66592,334183,94763,230117,146491,331134,-51728,-101017,175,455,175,630,0,-175,194983,582936,42068,286486,152915,296450
2017-08-17,101055,184518,80644,334447,20411,-149929,175,232,175,446,0,-214,104977,587581,31631,208857,73346,378724,141956,200585,170740,318228,-28784,-117643,175,298,175,433,0,-135,212829,467298,44994,246431,167835,220867
2017-08-18,114765,196611,104961,374848,9804,-178237,175,184,175,368,0,-184,107626,546340,31985,191922,75641,354418,166990,274664,175423,378607,-8433,-103943,175,389,175,551,0,-162,228258,567774,44392,274755,183866,293019
2017-08-21,118298,213155,106162,385318,12136,-172163,175,171,175,359,0,-188,108435,548958,32983,197307,75452,351651,174074,269953,185979,379183,-11905,-109230,175,359,175,508,0,-149,230814,545066,45682,265887,185132,279179
2017-08-22,137740,362468,104958,433853,32782,-71385,175,241,175,481,0,-240,118078,660325,31949,238996,86129,421329,185460,227261,223537,345396,-38077,-118135,175,219,175,306,0,-87,237669,448004,51896,227981,185773,220023
2017-08-23,105586,239756,81933,334982,23653,-95226,175,232,175,481,0,-249,114515,646111,30138,225553,84377,420558,119386,191174,180497,314244,-61111,-123070,175,179,175,258,0,-79,229960,434895,50588,215221,179372,219674
2017-08-24,122919,358638,84150,416360,38769,-57722,175,381,175,726,0,-345,124218,811707,30315,280344,93903,531363,139413,152559,208550,272541,-69137,-119982,175,114,175,166,0,-52,246003,356461,55096,174783,190907,181678
2017-08-25,118738,392209,92333,481110,26405,-88901,175,481,175,884,0,-403,130088,901242,31381,308409,98707,592833,163285,176590,220305,256891,-57020,-80301,175,96,175,131,0,-35,261714,352888,58360,160427,203354,192461
2017-08-28,122925,395091,101328,503839,21597,-108748,175,481,175,875,0,-394,134159,926991,33057,318667,101102,608324,160071,170199,224964,302809,-64893,-132610,175,88,175,127,0,-39,274254,463302,64231,223673,210023,239629
2017-08-29,131313,373358,105927,476655,25386,-103297,175,433,175,805,0,-372,134681,883315,34011,305353,100670,577962,178940,217083,229321,354116,-50381,-137033,175,127,175,175,0,-48,280454,527472,62059,247035,218395,280437
2017-08-30,113069,425397,89803,519732,23266,-94335,175,586,175,1050,0,-464,139337,1015434,31115,346011,108222,669423,122766,165095,219664,343063,-96898,-177968,175,81,175,109,0,-28,281345,518784,64980,222846,216365,295938
2017-08-31,121814,431024,96674,564110,25140,-133086,175,639,175,1138,0,-499,143171,1063053,31989,362503,111182,700550,146981,188920,243075,368513,-96094,-179593,175,78,175,105,0,-27,289903,521237,68374,221786,221529,299451
2017-09-01,134190,479096,96895,597174,37295,-118078,175,700,175,1243,0,-543,146288,1121245,32043,381048,114245,740197,146852,158997,259098,367761,-112246,-208764,175,66,175,92,0,-26,296703,496627,70518,206473,226185,290154
2017-09-04,138444,437741,98463,564349,39981,-126608,175,613,175,1120,0,-507,146114,1059303,32056,361077,114058,698226,148337,175990,260987,404199,-112650,-228209,175,71,175,96,0,-25,302285,539216,70252,221211,232033,318005
2017-09-05,131197,477893,104987,631061,26210,-153168,175,718,175,1278,0,-560,145402,1131362,33885,395867,111517,735495,163292,172336,249315,360665,-86023,-188329,175,64,175,83,0,-19,307825,515812,71810,204962,236015,310850
2017-09-06,119335,373056,92608,550242,26727,-177186,175,464,175,910,0,-446,146276,980691,32657,334921,113619,645770,151080,217258,236766,437237,-85686,-219979,175,74,175,101,0,-27,315288,626436,70182,243702,245106,382734
2017-09-07,143593,353643,114833,529066,28760,-175423,175,341,175,744,0,-403,148470,905321,35837,316131,112633,589190,171506,271499,264016,561617,-92510,-290118,175,74,175,96,0,-22,324483,670198,73136,263807,251347,406391
2017-09-08,155575,462425,114948,633251,40627,-170826,175,551,175,1059,0,-508,149768,1050567,35037,367984,114731,682583,187653,229273,297384,502832,-109731,-273559,175,59,175,76,0,-17,337261,610583,80324,245387,256937,365196
2017-09-11,142944,425619,120371,635490,22573,-209871,175,490,175,1024,0,-534,145085,1035038,39482,385222,105603,649816,203811,245214,288443,417812,-84632,-172598,175,33,175,46,0,-13,345091,549240,80811,228434,264280,320806
2017-09-12,147299,453733,123048,650041,24251,-196308,175,525,175,1076,0,-551,150435,1071396,37970,394487,112465,676909,221421,220885,302628,360663,-81207,-139778,175,17,175,23,0,-6,355519,483071,88004,211042,267515,272029
2017-09-13,116919,301793,112731,513775,4188,-211982,175,214,175,613,0,-399,146295,864787,34903,306105,111392,558682,173623,232461,262489,391991,-88866,-159530,175,11,175,18,0,-7,360824,541955,82909,232606,277915,309349
2017-09-14,130086,318226,119305,525968,10781,-207742,175,197,602,1157,-427,-960,149417,867241,36666,316597,112751,550644,177283,207826,281641,388440,-104358,-180614,175,9,623,1535,-448,-1526,369748,498413,84251,219122,285497,279291
2017-09-15,129359,354381,131275,583781,-1916,-229400,175,219,602,1404,-427,-1185,152993,961622,39328,360958,113665,600664,185355,177155,284256,325015,-98901,-147860,175,5,623,1240,-448,-1235,379713,440792,87304,184735,292409,256057
2017-09-18,136047,481289,122977,692432,13070,-211143,175,455,602,2207,-427,-1752,155246,1131569,38611,436239,116635,695330,197453,151483,308126,284382,-110673,-132899,175,4,623,856,-448,-852,385334,357896,88564,146597,296770,211299
2017-09-19,125163,342548,152395,624370,-27232,-281822,175,109,602,1337,-427,-1228,165116,986523,39609,365669,125507,620854,233309,280443,300250,346453,-66941,-66010,175,2,623,1055,-448,-1053,394827,453726,91793,190064,303034,263662
2017-09-20,67907,167106,56216,222904,11691,-55798,210,210,853,907,-643,-697,86640,459179,16257,122068,70383,337111,102172,188966,163417,346235,-61245,-157269,210,257,883,1648,-673,-1391,216231,520710,52283,214468,163948,306242
2017-09-21,105263,253816,66140,283836,39123,-30020,210,252,853,1061,-643,-809,95500,528343,17569,149119,77931,379224,122328,176772,186787,293231,-64459,-116459,210,152,883,1016,-673,-864,231151,426067,53175,169052,177976,257015
2017-09-22,108942,169011,88639,207730,20303,-38719,210,92,853,401,-643,-309,102540,374749,18954,107517,83586,267232,151465,392096,187911,496376,-36446,-104280,210,331,883,2159,-673,-1828,251281,726403,53343,281129,197938,445274
2017-09-25,111935,154578,119887,180152,-7952,-25574,210,44,426,98,-216,-54,105362,299043,22709,90356,82653,208687,167244,578214,206009,696465,-38765,-118251,210,499,847,3231,-637,-2732,261094,973298,55869,389200,205225,584098
2017-09-26,129942,145735,148285,143587,-18343,2148,210,32,426,56,-216,-24,111703,248131,22664,71822,89039,176309,178284,727752,212939,890864,-34655,-163112,210,609,847,4181,-637,-3572,268324,1173796,58071,474582,210253,699214
2017-09-27,106596,183171,100179,205185,6417,-22014,210,27,425,87,-215,-60,104330,280543,20447,80712,83883,199831,129244,334604,187114,554991,-57870,-220387,210,404,850,2838,-640,-2434,262930,903871,53078,367783,209852,536088
2017-09-28,133512,177944,117635,217329,15877,-39385,210,20,635,143,-425,-123,108940,263275,22857,80087,86083,183188,152455,353934,200152,577758,-47697,-223824,210,399,850,2903,-640,-2504,272655,918535,52536,375589,220119,542946
2017-09-29,153435,200037,122201,230585,31234,-30548,210,13,635,110,-425,-97,115125,268315,22798,79010,92327,189305,153981,316288,209086,541977,-55105,-225689,210,299,850,2348,-640,-2049,279289,841770,52187,343902,227102,497868
2017-09-30,155934,260046,121449,277255,34485,-17209,210,16,635,149,-425,-133,119395,308099,21101,90566,98294,217533,157722,252382,216634,406478,-58912,-154096,210,158,850,1386,-640,-1228,281986,631304,51654,261424,230332,369880
2017-10-02,157975,381991,120914,353649,37061,28342,210,21,635,284,-425,-263,135651,388812,18694,112344,116957,276468,157983,203473,224070,301111,-66087,-97638,210,87,850,761,-640,-674,288519,475809,51646,191631,236873,284178
2017-10-03,159013,375545,130561,393304,28452,-17759,210,18,635,250,-425,-232,138514,397939,18793,115312,119721,282627,178267,195662,230344,275612,-52077,-79950,210,62,850,587,-640,-525,289945,439053,52670,174339,237275,264714
2017-10-05,107904,285284,99322,335277,8582,-49993,210,25,630,340,-420,-315,135242,444169,17333,108501,117909,335668,127174,151043,200135,224865,-72961,-73822,210,48,846,419,-636,-371,286022,370802,50993,133169,235029,237633
2017-10-06,130159,290072,102756,364522,27403,-74450,210,18,630,354,-420,-336,138077,478070,17803,118557,120274,359513,160633,153595,201086,210183,-40453,-56588,210,34,846,284,-636,-250,292756,351408,53147,121944,239609,229464
2017-10-11,115949,433768,90714,501872,25235,-68104,210,29,627,883,-417,-854,149992,668721,21200,165304,128792,503417,142619,117637,210655,158595,-68036,-40958,210,14,845,114,-635,-100,307206,250890,55573,69971,251633,180919
2017-10-12,118053,528537,94929,636532,23124,-107995,210,79,816,1250,-606,-1171,158516,827372,22584,203999,135932,623373,148209,100938,226001,132935,-77792,-31997,210,7,845,65,-635,-58,320062,199188,56981,52884,263081,146304
2017-10-13,111676,515925,102313,687653,9363,-171728,210,72,818,1042,-608,-970,158585,847710,22460,212896,136125,634814,158319,99413,230182,117490,-71863,-18077,210,7,845,60,-635,-53,327989,179540,56068,45387,271921,134153
2017-10-16,112111,615003,104044,780708,8067,-165705,210,126,818,1561,-608,-1435,160952,995596,25841,263540,135111,732056,165251,100568,246373,117050,-81122,-16482,210,4,840,470,-630,-466,331792,174213,58780,41397,273012,132816
2017-10-17,123977,555362,104610,683554,19367,-128192,210,21,815,1059,-605,-1038,162423,883490,28175,241636,134248,641854,163753,134512,257838,153655,-94085,-19143,210,2,840,527,-630,-525,337818,203979,59136,50972,278682,153007
2017-10-18,78435,275803,53497,322096,24938,-46293,210,200,824,1009,-614,-809,104729,707436,14646,140565,90083,566871,80759,102829,168244,166892,-87485,-64063,210,152,855,819,-645,-667,220727,194921,28629,54337,192098,140584
2017-10-19,108713,329474,62609,381299,46104,-51825,210,236,824,1200,-614,-964,113266,793452,15845,163290,97421,630162,118990,126786,202628,213462,-83638,-86676,210,126,855,628,-645,-502,227186,180587,35412,73812,191774,106775
2017-10-20,120594,305608,71014,374114,49580,-68506,210,179,824,921,-614,-742,117937,738223,17357,155703,100580,582520,148059,165790,216294,265802,-68235,-100012,210,131,855,680,-645,-549,233781,199287,37930,92947,195851,106340
2017-10-23,125613,298974,75824,376767,49789,-77793,210,152,824,813,-614,-661,121366,729733,16755,153727,104611,576006,168142,179417,212332,214297,-44190,-34880,210,116,855,568,-645,-452,239191,185409,36864,79313,202327,106096
2017-10-24,134938,320282,82141,393259,52797,-72977,210,147,824,792,-614,-645,123969,741026,16896,156908,107073,584118,172368,167936,217927,214651,-45559,-46715,210,105,855,516,-645,-411,256344,208341,36778,73184,219566,135157
2017-10-25,97049,283067,68631,366477,28418,-83410,210,126,824,699,-614,-573,124314,729519,15320,150082,108994,579437,106178,151330,193772,211647,-87594,-60317,210,103,851,613,-641,-510,263039,237493,32293,61732,230746,175761
2017-10-26,114378,293158,75333,369112,39045,-75954,210,93,824,536,-614,-443,130600,702831,16336,148402,114264,554429,125475,161519,214253,268349,-88778,-106830,210,100,851,563,-641,-463,275542,301299,35300,87832,240242,213467
2017-10-27,123435,290066,86871,368439,36564,-78373,210,71,824,419,-614,-348,133759,666271,18396,148626,115363,517645,151723,210136,227848,335945,-76125,-125809,210,102,851,553,-641,-451,303263,395169,38844,114677,264419,280492
2017-10-30,126607,337170,103472,422595,23135,-85425,210,101,824,573,-614,-472,140606,726844,20092,167868,120514,558976,172048,202299,233168,298956,-61120,-96657,210,70,851,381,-641,-311,309381,345847,40013,100823,269368,245024
2017-10-31,123092,365826,113020,499693,10072,-133867,210,137,824,767,-614,-630,141327,790881,21788,191898,119539,598983,180309,174270,245469,261763,-65160,-87493,210,46,851,245,-641,-199,320972,305587,44071,89664,276901,215923
2017-11-01,100085,340332,91938,462555,8147,-122223,210,152,824,849,-614,-697,139141,831421,17103,179381,122038,652040,126556,145491,215518,203426,-88962,-57935,210,32,847,280,-637,-248,326754,294665,44674,79679,282080,214986
2017-11-02,114424,306941,101283,450921,13141,-143980,210,100,824,591,-614,-491,144949,765013,18275,170431,126674,594582,148350,173481,226426,251179,-78076,-77698,210,34,847,348,-637,-314,338129,321714,46762,91532,291367,230182
2017-11-03,109064,300476,112397,464829,-3333,-164353,210,86,824,530,-614,-444,148991,757568,21617,183912,127374,573656,172404,175768,233499,229224,-61095,-53456,210,22,847,181,-637,-159,346512,297920,47218,82082,299294,215838
2017-11-06,112588,280637,118139,429211,-5551,-148574,210,45,824,305,-614,-260,151912,691210,20479,158023,131433,533187,181417,183781,247013,250412,-65596,-66631,210,19,847,144,-637,-125,364285,333530,47577,85921,316708,247609
2017-11-07,119776,343669,124627,517850,-4851,-174181,210,77,824,508,-614,-431,158834,793955,21176,191382,137658,602573,182236,141236,259087,191358,-76851,-50122,210,13,848,80,-638,-67,383682,279920,49942,72403,333740,207517
2017-11-08,105094,293563,111560,462691,-6466,-169128,210,33,824,263,-614,-230,156092,734936,15631,151456,140461,583480,129802,133262,226316,164402,-96514,-31140,210,8,875,251,-665,-243,383499,265717,48915,69375,334584,196342
2017-11-09,110708,222219,122481,367293,-11773,-145074,210,8,225,42,-15,-34,167279,569286,16612,117235,150667,452051,140961,203550,227759,217879,-86798,-14329,210,8,891,692,-681,-684,395294,325165,48609,94568,346685,230597
2017-11-10,124052,246730,127817,362621,-3765,-115891,210,4,245,52,-35,-48,177015,580075,17440,116789,159575,463286,152944,200903,236938,208019,-83994,-7116,210,4,912,560,-702,-556,406375,288124,45393,85562,360982,202562
2017-11-13,130838,215503,136465,325342,-5627,-109839,210,3,245,30,-35,-27,182343,515366,17359,101570,164984,413796,164390,233158,248444,246837,-84054,-13679,240,100,919,665,-679,-565,415437,313116,47179,97986,368258,215130
2017-11-14,128783,212163,148834,336392,-20051,-124229,210,1,282,84,-72,-83,189299,490675,17236,94168,172063,396507,176079,235962,240204,222448,-64125,13514,240,100,958,632,-718,-532,420414,316701,47237,99764,373177,216937
2017-11-15,89283,132773,64989,212013,24294,-79240,210,98,929,884,-719,-786,106840,366366,6937,68871,99903,297495,78664,175610,162227,211543,-83563,-35933,240,548,967,1542,-727,-994,301558,387134,29764,95312,271794,291822
2017-11-16,111748,182788,84460,283548,27288,-100760,210,90,929,861,-719,-771,121338,387882,8495,74590,112843,313292,108892,178687,185601,242840,-76709,-64153,240,459,967,1302,-727,-843,305900,347059,33370,98481,272530,248578
2017-11-17,115962,261560,86595,345607,29367,-84047,210,147,929,1404,-719,-1257,139325,514324,8783,88979,130542,425345,126016,145053,208726,187108,-82710,-42055,240,259,967,723,-727,-464,314533,257903,36203,76259,278330,181644
2017-11-20,114373,209826,95853,282742,18520,-72916,210,88,914,925,-704,-837,146213,455202,9238,81890,136975,373312,147189,185977,206748,203120,-59559,-17143,240,254,967,748,-727,-494,319765,281281,34817,85442,284948,195839
2017-11-21,114528,357276,92474,444136,22054,-86860,210,226,914,2122,-704,-1896,168147,717570,9816,111286,158331,606284,159409,136458,230526,142419,-71117,-5961,240,112,967,327,-727,-215,335798,221736,36926,47922,298872,173814
2017-11-22,93659,266850,84486,406705,9173,-139855,210,336,934,2906,-724,-2570,176004,779785,14585,123626,161419,656159,115432,138036,198655,154497,-83223,-16461,240,106,958,427,-718,-321,340988,218927,33648,42846,307340,176081
2017-11-23,99883,286445,88289,445076,11594,-158631,210,373,934,3225,-724,-2852,180302,832108,15885,134463,164417,697645,130403,130801,209046,131934,-78643,-1133,240,78,958,275,-718,-197,347666,200685,35361,40045,312305,160640
2017-11-24,100639,284524,95369,456693,5270,-172169,210,368,947,3188,-737,-2820,183994,838370,15804,134483,168190,703887,143861,135931,209430,133195,-65569,2736,640,96,962,279,-322,-183,355774,213246,36033,40394,319741,172852
2017-11-27,103651,212383,111159,333401,-7508,-121018,210,142,947,1453,-737,-1311,190860,600209,17485,108574,173375,491635,157691,227539,206989,204420,-49298,23119,640,147,962,482,-322,-335,371737,338678,35055,62173,336682,276505
2017-11-28,112038,207410,121314,311214,-9276,-103804,210,97,924,1020,-714,-923,192960,535640,14962,96768,177998,438872,155290,267286,220216,297705,-64926,-30419,640,161,966,564,-326,-403,381285,427193,35395,75906,345890,351287
2017-11-29,93110,230686,101466,345712,-8356,-115026,210,110,953,1171,-743,-1061,193708,566949,11783,100934,181925,466015,124710,199625,212641,274894,-87931,-75269,240,127,986,542,-746,-415,390962,464356,35017,69229,355945,395127
2017-11-30,108509,190037,136560,277583,-28051,-87546,630,83,904,339,-274,-256,193038,377383,16371,82711,176667,294672,159216,414520,227844,519103,-68628,-104583,240,346,995,1650,-755,-1304,401427,840468,37616,133381,363811,707087
2017-12-01,134477,281797,151049,322099,-16572,-40302,630,79,976,464,-346,-385,196091,415235,19520,103269,176571,311966,185522,405373,233435,461364,-47913,-55991,240,286,999,1246,-759,-960,422537,779182,41502,134068,381035,645114
2017-12-04,137085,327988,149975,376527,-12890,-48539,630,104,976,683,-346,-579,195220,477955,23330,137007,171890,340948,178703,300771,235800,389324,-57097,-88553,240,208,999,849,-759,-641,429676,676095,45520,125868,384156,550227
2017-12-05,132986,209308,154741,289397,-21755,-80089,630,40,976,337,-346,-297,194090,379137,22863,92625,171227,286512,186645,393511,237747,519742,-51102,-126231,240,315,999,1296,-759,-981,435202,881343,44891,169405,390311,711938
2017-12-06,107876,179013,156684,217486,-48808,-38473,630,436,221,45,409,391,192567,254718,29964,70783,162603,183935,135178,607710,240929,943799,-105751,-336089,240,1055,1033,3910,-793,-2855,437476,1711275,47984,345617,389492,1365658
2017-12-07,131532,211339,178022,225481,-46490,-14142,630,198,797,994,-167,-796,203218,247083,35999,77190,167219,169893,161255,554257,262740,976027,-101485,-421770,220,866,1031,3071,-811,-2205,460607,1699851,54814,383951,405793,1315900
2017-12-08,145312,232767,189564,232578,-44252,189,630,93,1138,2015,-508,-1922,213049,257882,35469,74577,177580,183305,178403,466355,278440,828142,-100037,-361787,214,479,1018,1656,-804,-1177,472422,1411110,56034,318415,416388,1092695
2017-12-11,152300,319422,190311,285244,-38011,34178,630,179,1138,2663,-508,-2484,214614,332339,34849,100377,179765,231962,173313,312160,295186,606233,-121873,-294073,2014,3338,1022,738,992,2600,483479,1030338,56761,222850,426718,807488
2017-12-12,153484,260142,205078,249782,-51594,10360,630,44,1149,1986,-519,-1942,211812,259790,37638,86737,174174,173053,173824,339790,290310,671948,-116486,-332158,2014,4470,1022,957,992,3513,488223,1184762,57592,264195,430631,920567
2017-12-13,114080,231618,159441,211991,-45361,19627,210,9,1178,2303,-968,-2294,211459,273402,33080,78431,178379,194971,128446,288883,265737,640873,-137291,-351990,2014,3650,1043,1045,971,2605,485971,1104377,55992,247520,429979,856857
2017-12-14,121720,277410,155219,263680,-33499,13730,210,3,1178,3025,-968,-3022,219683,346661,35961,106590,183722,240071,136035,206196,275230,484246,-139195,-278050,2014,1129,1039,1300,975,-171,494695,811025,58043,179247,436652,631778
2017-12-15,119790,203238,172177,285477,-52387,-82239,210,2,1178,2249,-968,-2247,221469,284592,37075,90154,184394,194438,163637,263486,265294,530731,-101657,-267245,2014,1498,1025,1544,989,-46,501433,937526,58016,207596,443417,729930
2017-12-18,121969,217073,165573,303288,-43604,-86215,210,2,1180,2364,-970,-2362,221550,303313,37791,97074,183759,206239,163769,231017,276005,506329,-112236,-275312,2014,838,1028,1663,986,-825,504094,871214,59871,193870,444223,677344
2017-12-19,134669,201166,184210,236355,-49541,-35189,210,2,412,1870,-202,-1868,225718,249054,36610,75463,189108,173591,169544,259143,287596,581675,-118052,-322532,2014,1109,950,2062,1064,-953,502894,988161,59417,224962,443477,763199
2017-12-20,71481,212728,61751,133398,9730,79330,225,105,1198,3214,-973,-3109,70396,138581,11866,73532,58530,65049,78673,138433,108261,356777,-29588,-218344,2025,2318,1039,2154,986,164,191095,615597,28093,168678,163002,446919
2017-12-21,100254,232412,74791,142215,25463,90197,225,62,1206,2680,-981,-2618,76978,132666,15241,89838,61737,42828,113486,154467,131354,366182,-17868,-211715,2025,1766,1039,1934,986,-168,213241,612799,32066,182323,181175,430476
2017-12-22,111615,284352,81382,175785,30233,108567,225,75,1206,3085,-981,-3010,81901,148490,15393,102274,66508,46216,135705,136446,142671,363357,-6966,-226911,2025,711,1039,1380,986,-669,232914,617762,36281,182098,196633,435664
2017-12-25,114408,268376,83690,163636,30718,104740,225,52,1206,2757,-981,-2705,84869,139788,15455,94632,69414,45156,156284,148306,156805,381624,-521,-233318,2025,407,1039,1257,986,-850,236136,593071,36867,178261,199269,414810
2017-12-26,125408,227130,95168,106515,30240,120615,225,26,1214,1718,-989,-1692,91797,105053,16265,74135,75532,30918,160543,301630,163646,570582,-3103,-268952,2925,4331,1039,2440,1886,1891,245592,858662,35583,252565,210009,606097
2017-12-27,94881,282091,69012,128468,25869,153623,225,25,1214,2092,-989,-2067,96130,139971,15553,87034,80577,52937,100687,176770,149961,439852,-49274,-263082,2025,3848,1029,1682,996,2166,242778,717007,34858,201078,207920,515929
2017-12-28,102702,370562,81025,202016,21677,168546,225,51,1214,3108,-989,-3057,108601,225105,16524,118274,92077,106831,138408,160398,169854,363452,-31446,-203054,2025,2126,1029,935,996,1191,255106,566577,37976,158408,217130,408169
2017-12-29,114911,486577,92279,307530,22632,179047,225,90,1214,4211,-989,-4121,116957,308539,16604,148935,100353,159604,160329,156742,183199,290474,-22870,-133732,2065,1369,1029,582,1036,787,281807,471765,39181,126433,242626,345332
2018-01-02,130572,647240,96049,423693,34523,223547,225,163,1214,5725,-989,-5562,123169,416698,16978,186881,106191,229817,161172,123087,214842,231334,-53670,-108247,2065,892,1029,382,1036,510,308518,405884,42208,100567,266310,305317
2018-01-03,100730,640023,86760,382758,13970,257265,225,343,1214,8204,-989,-7861,131219,533348,19705,230736,111514,302612,122690,115152,192566,180997,-69876,-65845,705,112,1033,281,-328,-169,306125,311253,40516,73957,265609,237296
2018-01-04,127501,733130,106244,489950,21257,243180,225,495,1214,9885,-989,-9390,130624,611727,20262,265304,110362,346423,154847,104020,211014,158716,-56167,-54696,1185,68,1011,191,174,-123,317213,263712,41437,61264,275776,202448
2018-01-05,141648,770452,109522,481135,32126,289317,225,518,1214,10405,-989,-9887,131834,634798,21538,279606,110296,355192,175523,120683,226663,148204,-51140,-27521,1185,43,1009,151,176,-108,324774,250447,41867,58246,282907,192201
2018-01-08,142833,799264,119253,569077,23580,230187,225,641,1218,11525,-993,-10884,137127,687830,25622,307214,111505,380616,183458,115736,230086,131576,-46628,-15840,1185,31,1009,109,176,-78,327625,236042,42873,54304,284752,181738
2018-01-09,157097,762356,118166,535092,38931,227264,225,523,1218,10913,-993,-10390,137733,670593,24034,299786,113699,370807,192191,115954,242517,134939,-50326,-18985,1185,22,997,79,188,-57,330226,233364,47174,56052,283052,177312
2018-01-10,114147,601259,88234,364516,25913,236743,225,203,1218,7708,-993,-7505,139752,525702,23402,244362,116350,281340,127187,133913,208044,194090,-80857,-60177,600,65,761,288,-161,-223,339146,347689,47322,93391,291824,254298
2018-01-11,123795,573236,108085,368504,15710,204732,225,124,1218,6966,-993,-6842,144307,491790,22412,230800,121895,260990,161382,150103,221634,206404,-60252,-56301,2500,2539,761,160,1739,2379,354918,393090,50538,137288,304380,255802
2018-01-12,135726,755559,107693,446996,28033,308563,225,281,1158,8509,-933,-8228,145475,629608,22276,283790,123199,345818,172502,127998,241375,156368,-68873,-28370,2881,525,1120,707,1761,-182,355435,263875,50277,88016,305158,175859
2018-01-15,130583,923990,117693,609668,12890,314322,225,743,1128,10104,-903,-9361,146185,822615,26194,372366,119991,450249,188077,128724,252669,106804,-64592,21920,2500,103,729,834,1771,-731,357449,215562,48417,80194,309032,135368
2018-01-16,131576,959370,115353,681514,16223,277856,225,990,1024,4885,-799,-3895,148629,887600,26567,401665,122062,485935,174858,109502,264884,99076,-90026,10426,2500,85,732,928,1768,-843,359953,204390,48546,73525,311407,130865
2018-01-17,75387,452543,58620,328079,16767,124464,210,205,1017,2559,-807,-2354,98511,554256,17652,167775,80859,386481,92539,105293,113969,133829,-21430,-28536,1050,372,1128,1487,-78,-1115,177543,245926,30035,87595,147508,158331
2018-01-18,104042,570217,80127,437201,23915,133016,210,389,1017,3840,-807,-3451,101270,699753,26043,240679,75227,459074,132065,170311,143709,197164,-11644,-26853,1050,265,943,1009,107,-744,194099,248606,37539,120819,156560,127787
2018-01-19,111776,700559,84287,561420,27489,139139,210,578,1087,7192,-877,-6614,106858,888641,26145,298133,80713,590508,154151,156126,165120,141737,-10969,14389,1050,174,943,668,107,-494,205265,218941,40377,95766,164888,123175
2018-01-22,111203,861716,112249,857047,-1046,4669,210,945,1087,9840,-877,-8895,106432,1126077,28060,381441,78372,744636,180070,158621,178464,122345,1606,36276,1050,133,943,511,107,-378,224444,228693,43531,86349,180913,142344
2018-01-23,132175,874797,124358,877488,7817,-2691,210,956,1087,9891,-877,-8935,105997,1149389,28953,386417,77044,762972,207192,195161,190554,139799,16638,55362,1050,119,943,474,107,-355,239635,256155,47983,98205,191652,157950
2018-01-24,90779,561602,92362,584816,-1583,-23214,210,515,1087,6668,-877,-6153,109086,895573,26369,286361,82717,609212,134826,213911,155334,190020,-20508,23891,658,198,909,718,-251,-520,246998,323188,44552,120516,202446,202672
2018-01-25,117728,622868,103955,636811,13773,-13943,210,599,1057,7182,-847,-6583,113922,968819,26677,301484,87245,667335,164763,248383,196201,244469,-31438,3914,1050,186,909,622,141,-436,288007,359772,47606,128821,240401,230951
2018-01-26,137672,623258,121245,671718,16427,-48460,210,567,1042,6984,-832,-6417,114670,965252,28990,308920,85680,656332,190516,252443,204714,283318,-14198,-30875,1050,137,891,515,159,-378,292599,363262,48195,128456,244404,234806
2018-01-29,173091,708752,137970,797092,35121,-88340,210,735,1042,8265,-832,-7530,117430,1104457,29457,351504,87973,752953,212639,226641,202466,211701,10173,14940,2000,2340,891,331,1109,2009,300505,322041,50696,110428,249809,211613
2018-01-30,189643,492233,145868,528879,43775,-36646,210,326,1042,4894,-832,-4568,123533,807937,27176,245909,96357,562028,228048,386496,211959,394993,16089,-8497,2950,8720,891,694,2059,8026,315193,515230,51376,182145,263817,333085
2018-01-31,110717,544600,94948,577919,15769,-33319,210,378,1075,5593,-865,-5215,121895,874101,26379,264168,95516,609933,165911,280954,196585,366419,-30674,-85465,2334,7186,928,625,1406,6561,317395,530135,52661,169578,264734,360557
2018-02-01,131740,638335,106459,708334,25281,-69999,210,546,1075,7054,-865,-6508,128690,1029207,28746,313399,99944,715808,191045,252560,215305,360674,-24260,-108114,2670,5059,918,363,1752,4696,350791,517704,54570,150063,296221,367641
2018-02-02,157907,554996,119044,629010,38863,-74014,210,341,1075,5532,-865,-5191,126541,885775,30734,282147,95807,603628,220188,295766,224956,401790,-4768,-106024,2670,5914,918,405,1752,5509,361471,561170,56904,171854,304567,389316
2018-02-05,153631,385032,138979,408488,14652,-23456,210,76,1042,2329,-832,-2253,140990,569368,31993,184045,108997,385323,228316,589536,239901,713034,-11585,-123498,2110,14207,918,1486,1192,12721,377108,1003976,61025,334797,316083,669179
2018-02-06,203553,482710,235437,598130,-31884,-115420,210,81,975,1087,-765,-1006,156476,540057,43726,167024,112750,373033,188925,2884495,316955,5009642,-128030,-2125147,1860,56063,918,19604,942,36459,362089,5801475,139494,2775060,222595,3026415
2018-02-07,109413,364432,142218,442244,-32805,-77812,210,17,647,812,-437,-795,132549,358481,46786,168238,85763,190243,134256,1175976,247999,2027965,-113743,-851989,2078,16152,912,9035,1166,7117,321261,2949108,140703,1732455,180558,1216653
2018-02-08,124648,361672,160230,426532,-35582,-64860,210,20,647,606,-437,-586,138529,341818,51462,178434,87067,163384,145429,1150132,255864,1935447,-110435,-785315,2078,12705,878,6622,1200,6083,334902,2771550,149716,1672331,185186,1099219
2018-02-09,129875,385675,184210,503657,-54335,-117982,210,20,319,1275,-109,-1255,140952,316930,58947,207174,82005,109756,149271,1724349,259808,2874259,-110537,-1149910,1910,23051,886,10260,1024,12791,342951,4310986,156265,2692358,186686,1618628
2018-02-12,145405,417827,201339,550396,-55934,-132569,210,9,319,1185,-109,-1176,156866,333793,70463,268484,86403,65309,165632,1485122,295590,2415674,-129958,-930552,210,2415,887,6961,-677,-4546,361171,3435659,156309,2131002,204862,1304657
2018-02-21,69758,434999,92065,391932,-22307,43067,0,0,710,3900,-710,-3900,88751,426399,46966,370699,41785,55700,82476,434676,157112,925576,-74636,-490900,448,426,661,3834,-213,-3408,187235,1292285,119211,769441,68024,522844
2018-02-22,79526,397070,107606,363336,-28080,33734,0,0,710,3178,-710,-3178,91590,379664,49520,349229,42070,30435,97061,536190,168692,1036064,-71631,-499874,448,448,661,4429,-213,-3981,192116,1445520,122492,878743,69624,566777
2018-02-23,96190,570886,115591,486739,-19401,84147,0,0,710,4451,-710,-4451,98324,506258,50668,451922,47656,54336,101923,371524,181096,773712,-79173,-402188,616,179,661,2479,-45,-2300,196609,1014537,124711,603765,71898,410772
2018-02-26,99787,588776,130686,520771,-30899,68005,0,0,710,4581,-710,-4581,97904,516682,51807,470835,46097,45847,110693,347604,186392,700608,-75699,-353004,616,49,661,1884,-45,-1835,197748,877195,124544,508461,73204,368734
2018-02-27,105453,543675,130759,458397,-25306,85278,0,0,710,4033,-710,-4033,96670,464737,55331,446826,41339,17911,119437,407989,206744,776170,-87307,-368181,616,38,661,2016,-45,-1978,202988,924929,129868,571049,73120,353880
2018-03-01,82138,474468,110501,417332,-28363,57136,0,0,728,3579,-728,-3579,96267,426186,54021,408898,42246,17288,89643,463136,176360,893364,-86717,-430228,224,269,680,2750,-456,-2481,207586,1115773,133640,688747,73946,427026
2018-03-02,99465,476093,130318,446819,-30853,29274,0,0,728,3091,-728,-3091,97878,393068,57535,391417,40343,1651,105905,592898,184495,1080808,-78590,-487910,0,0,680,3350,-680,-3350,209185,1319617,134388,809325,74797,510292
2018-03-05,107836,429202,146269,419001,-38433,10201,0,0,728,2379,-728,-2379,99649,338087,58053,289230,41596,48857,118535,656959,199028,1146492,-80493,-489533,0,0,680,3343,-680,-3343,212905,1367210,135726,872712,77179,494498
2018-03-06,121275,605722,144871,525776,-23596,79946,0,0,728,3183,-728,-3183,101107,425271,58809,362912,42298,62359,128202,414950,210987,740946,-82785,-325996,1800,9450,680,1423,1120,8027,217243,866012,136320,539541,80923,326471
2018-03-07,98404,457307,123575,435318,-25171,21989,0,0,808,4068,-808,-4068,101381,364003,59180,304547,42201,59456,105220,519259,201424,964231,-96204,-444972,1800,13050,661,2214,1139,10836,216406,1089740,136087,693413,80319,396327
2018-03-08,114168,613695,132383,546449,-18215,67246,0,0,808,5364,-808,-5364,103284,455692,61577,394485,41707,61207,119405,396995,228424,741094,-109019,-344099,2248,7862,661,1124,1587,6738,224494,776375,136914,480741,87580,295634
2018-03-09,117660,639574,137480,574992,-19820,64582,0,0,808,5689,-808,-5689,104497,479542,64140,428696,40357,50846,119292,352453,227865,647881,-108573,-295428,2248,5906,661,777,1587,5129,231417,677591,138917,416903,92500,260688
2018-03-12,123344,938105,140908,837162,-17564,100943,0,0,808,8627,-808,-8627,111815,721506,69455,608048,42360,113458,133825,246948,270106,480084,-136281,-233136,2248,2151,661,314,1587,1837,237030,444349,142041,276252,94989,168097
2018-03-13,126819,1079522,143213,998167,-16394,81355,0,0,808,10579,-808,-10579,110507,857124,67971,680117,42536,177007,137328,214746,282195,386215,-144867,-171469,2248,1136,658,391,1590,745,240376,364527,147814,232511,92562,132016
2018-03-14,96020,748667,120437,712715,-24417,35952,0,0,808,8503,-808,-8503,107047,695696,67407,562618,39640,133078,111997,257266,218830,438681,-106833,-181415,2024,1569,656,598,1368,971,241435,466908,147707,293828,93728,173080
2018-03-15,104160,761654,126381,724012,-22221,37642,0,0,808,8360,-808,-8360,108146,692595,69474,569085,38672,123510,115606,241143,227020,420563,-111414,-179420,2024,927,573,355,1451,572,248763,434519,149814,278342,98949,156177
2018-03-16,99154,683323,141356,718587,-42202,-35264,0,0,808,7422,-808,-7422,106476,637686,71380,526505,35096,111181,129890,300246,228983,451130,-99093,-150884,2024,762,642,342,1382,420,256827,467627,149753,293011,107074,174616
2018-03-19,103450,703022,140435,710073,-36985,-7051,0,0,790,7198,-790,-7198,108245,637086,71949,526251,36296,110835,131670,283382,240311,445887,-108641,-162505,2024,391,636,1006,1388,-615,260875,433279,151451,274449,109424,158830
2018-03-20,105457,666835,147773,713573,-42316,-46738,0,0,710,3310,-710,-3310,113187,639156,76259,520944,36928,118212,137170,298821,236289,475549,-99119,-176728,2024,119,631,1388,1393,-1269,265554,477057,154824,306805,110730,170252
2018-03-21,47627,205913,61218,282605,-13591,-76692,0,0,682,3622,-682,-3622,66377,349217,34648,179653,31729,169564,64881,228427,123198,447520,-58317,-219093,1348,2699,625,1890,723,809,108234,437745,61897,256403,46337,181342
2018-03-22,67051,262738,73739,264307,-6688,-1569,0,0,682,3085,-682,-3085,73757,327276,45260,228079,28497,99197,82548,321674,149777,483657,-67229,-161983,2248,4018,625,1466,1623,2552,128003,463694,77195,357735,50808,105959
2018-03-23,91785,254695,115243,309507,-23458,-54812,0,0,682,1740,-682,-1740,82788,239758,44523,142843,38265,96915,102947,715131,175022,1197479,-72075,-482348,1800,17910,625,4985,1175,12925,142323,1049195,85124,643875,57199,405320
2018-03-26,96313,346184,126771,419704,-30458,-73520,0,0,682,1997,-682,-1997,86225,291067,45446,172308,40779,118759,124508,537130,178740,890184,-54232,-353054,2024,8419,625,2517,1399,5902,148281,816766,81122,477716,67159,339050
2018-03-27,103612,567379,122240,525764,-18628,41615,0,0,682,2878,-682,-2878,90316,397538,46984,256258,43332,141280,130824,361162,195917,618589,-65093,-257427,2136,1000,625,1066,1511,-66,162489,602160,81509,331262,80980,270898
2018-03-28,70090,280856,80434,305410,-10344,-24554,0,0,682,1884,-682,-1884,78537,278130,46330,170386,32207,107744,92755,532632,160715,907821,-67960,-375189,0,0,609,2982,-609,-2982,158632,947272,86779,569220,71853,378052
2018-03-29,81776,321885,92241,357449,-10465,-35564,0,0,682,1920,-682,-1920,80639,286707,48071,182180,32568,104527,111805,546680,176385,915758,-64580,-369078,0,0,609,2370,-609,-2370,175443,945077,88333,550199,87110,394878
2018-03-30,92531,389986,93465,379172,-934,10814,0,0,682,2052,-682,-2052,89547,336389,49101,203540,40446,132849,110995,427715,190718,774202,-79723,-346487,0,0,609,1362,-609,-1362,187159,763049,89736,435279,97423,327770
2018-03-31,98550,392808,99380,392635,-830,173,0,0,682,2039,-682,-2039,90396,337877,49267,204641,41129,133236,116188,444621,191722,780101,-75534,-335480,950,4845,609,1251,341,3594,188110,736272,89790,420809,98320,315463
