2014-01-02,4820324810,4166965714,653359096,1935757920,2024802659,-89044739,12573762840,10202012581,2371750259
2014-01-03,3818870992,4316076653,-497205661,1843645160,3106209778,-1262564618,14154087278,16618695720,-2464608442
2014-01-06,3428412711,4551864598,-1123451887,2108212380,3732136083,-1623923703,16055771800,16136336003,-80564203
2014-01-07,4591620625,3491809569,1099811056,1932374710,2745055050,-812680340,19875301195,18840533231,1034767964
2014-01-08,5252874539,4332957562,919916977,2927678240,3016552607,-88874367,23078997890,19511074596,3567923294
2014-01-09,5204319101,5896632899,-692313798,2867665550,2084605784,783059766,24803839081,24582734644,221104437
2014-01-10,3754794030,4481121972,-726327942,1766622670,1845802925,-79180255,19924816805,20276268652,-351451847
2014-01-13,4162363920,4296233692,-133869772,1869621960,1615127878,254494082,18309041054,14492574090,3816466964
2014-01-14,4273073274,4103409320,169663954,1664291810,1869344384,-205052574,17563673545,17454306893,109366652
2014-01-15,6708169942,5166055851,1542114091,3168557640,2912212923,256344717,31617813316,23964216235,7653597081
2014-01-16,5362521335,4955958715,406562620,2365498870,2190810663,174688207,24334958526,19633280491,4701678035
2014-01-17,4230243884,5292033072,-1061789188,2118082880,2667865171,-549782291,28477527333,17610305838,10867221495
2014-01-20,4463494759,4456807487,6687272,2178807300,2218023279,-39215979,19118377392,15458683190,3659694202
2014-01-21,4868330521,4730122761,138207760,2056664200,2296795871,-240131671,20094504300,19763951672,330552628
2014-01-22,4372308078,4127917430,244390648,1679964220,1763065721,-83101501,23793788755,21161070344,2632718411
2014-01-23,3802137708,4358020029,-555882321,1460142120,1557098302,-96956182,22054935124,21648740872,406194252
2014-01-24,3330817864,3634616993,-303799129,1309791320,1579030638,-269239318,24124091766,22227748804,1896342962
2014-01-27,2664254194,4610765333,-1946511139,1147164950,1850848012,-703683062,26379295223,43535470104,-17156174881
2014-02-05,3256698890,5806193457,-2549494567,1175863510,1748025569,-572162059,40656316032,85044162138,-44387846106
2014-02-06,3679528140,3578217892,101310248,1789282308,2022093269,-232810961,30515859854,47643866772,-17128006918
2014-02-07,4020296250,4205304333,-185008083,1963876260,1475614952,488261308,24069073152,30631736034,-6562662882
2014-02-10,3575578281,3391365793,184212488,1519044730,1373184337,145860393,13680775754,20101677153,-6420901399
2014-02-11,4310562930,3309078240,1001484690,1637384950,1412879358,224505592,16509943312,16726236927,-216293615
2014-02-12,5918704790,4405829971,1512874819,1740371550,1582832065,157539485,22172678818,19257156237,2915522581
2014-02-13,3728150287,4380539413,-652389126,1098705599,1586685688,-487980089,15647637562,16713270540,-1065632978
2014-02-14,4774512167,4145776068,628736099,1095000336,1706407557,-611407221,26344672688,16774244431,9570428257
2014-02-17,3624697494,3354860389,269837105,1317010399,1691017797,-374007398,14766742080,12023710633,2743031447
2014-02-18,4055967120,3237402881,818564239,1970093702,2757186441,-787092739,16668785544,10700443334,5968342210
2014-02-19,4705385308,4386513956,318871352,1690604530,2270658581,-580054051,21077599437,13349459231,7728140206
2014-02-20,4624332522,4735102480,-110769958,2001694920,2114931981,-113237061,20825261047,19835148659,990112388
2014-02-21,4851651967,3682897852,1168754115,1479255280,1510557382,-31302102,25493425727,15134628074,10358797653
2014-03-03,3793884663,4719973591,-926088928,1522354900,2610649989,-1088295089,31451293916,32161042226,-709748310
2014-03-04,4019213651,3708521460,310692191,1389706790,1972121577,-582414787,18465309511,20623629478,-2158319967
2014-03-05,4924227897,3995492393,928735504,1996655010,1860918303,135736707,20448656731,19225152097,1223504634
2014-03-06,6474275970,4978611919,1495664051,1726243790,2373607646,-647363856,31604678184,21590282046,10014396138
2014-03-07,5652378855,6787010848,-1134631993,1549555310,2132903527,-583348217,31312829602,18659091447,12653738155
2014-03-10,4171279917,3996798624,174481293,1313041010,2635738924,-1322697914,21008483243,17953926185,3054557058
2014-03-11,4660303198,3747966906,912336292,1110659250,1963575904,-852916654,18340319692,18734807054,-394487362
2014-03-12,3758500770,4920830714,-1162329944,1305706620,1775893000,-470186380,17899925362,17874251146,25674216
2014-03-13,6580616715,4724347270,1856269445,1772597330,2119068618,-346471288,30268874905,24752864571,5516010334
2014-03-14,3871255680,4574016631,-702760951,759878080,1823525238,-1063647158,22282016694,24024286633,-1742269939
2014-03-17,4590221571,3882601198,707620373,1176734350,2074403410,-897669060,16531273535,13749354714,2781918821
2014-03-18,4857838775,4793028348,64810427,1576421600,1727831024,-151409424,23366081182,19384628281,3981452901
2014-03-19,6241382814,6678195201,-436812387,1464695300,2118527573,-653832273,19004026168,20153247011,-1149220843
2014-03-20,3782042880,5001763978,-1219721098,1233900050,1484816102,-250916052,21124012095,25608054082,-4484041987
2014-03-21,3569801699,4562073379,-992271680,2405116430,2922588729,-517472299,28592231483,27248667662,1343563821
2014-03-24,4091582769,3420954216,670628553,1235454060,2175551752,-940097692,21567660813,14440688177,7126972636
2014-03-25,4882331841,3789010691,1093321150,1463280410,1338046379,125234031,17782758447,17742381548,40376899
2014-03-26,5502181356,4453034988,1049146368,1588922710,1162455380,426467330,24543213532,18648691687,5894521845
2014-03-27,4723825720,4517243805,206581915,1725835400,1454518616,271316784,28640532028,20177737259,8462794769
2014-03-28,4303144659,5561346260,-1258201601,1933049490,1466356311,466693179,28049532202,18005385180,10044147022
2014-03-31,4548015520,3764272790,783742730,1644388450,1772431125,-128042675,30277691897,19751012581,10526679316
2014-04-01,5351787160,4319542209,1032244951,1277564240,1180906098,96658142,26415192673,17345739651,9069453022
2014-04-02,6515063438,5467581419,1047482019,1897938780,1777633905,120304875,28510994300,19148002167,9362992133
2014-04-03,4748612500,5487199369,-738586869,1163524370,1816501626,-652977256,25819072767,18329159095,7489913672
2014-04-07,5048247162,3961373298,1086873864,770306340,1705597567,-935291227,30482244858,25558404208,4923840650
2014-04-08,5182494644,4939471753,243022891,903927840,2201272472,-1297344632,26270871222,23159262978,3111608244
2014-04-09,4865705510,4422595904,443109606,982676500,1227189694,-244513194,23900386458,17526375164,6374011294
2014-04-10,4735336948,6258974813,-1523637865,1152626132,2318266021,-1165639889,26467722669,21781773096,4685949573
2014-04-11,4059532845,5387231050,-1327698205,931045950,2377784880,-1446738930,20572587248,18250623898,2321963350
2014-04-14,3593662280,4050923522,-457261242,1545267650,2693772740,-1148505090,20118103068,13210848488,6907254580
2014-04-15,5462906490,5016753891,446152599,1786574170,2416360732,-629786562,22187813259,16568994440,5618818819
2014-04-16,6060450150,6995890858,-935440708,1480652600,1599556350,-118903750,27316143843,21745673154,5570470689
2014-04-17,6299986607,5466515149,833471458,1619931250,1413084640,206846610,19521838366,18595497007,926341359
2014-04-18,4330683684,4741561834,-410878150,1377180150,1933838482,-556658332,9816043147,6422074658,3393968489
2014-04-21,4739570550,3281788986,1457781564,1362167020,1537325281,-175158261,9318535238,8348956545,969578693
2014-04-22,5672648495,4625084003,1047564492,1798286950,2146980549,-348693599,17933713118,15050918409,2882794709
2014-04-23,5842611447,6310992088,-468380641,1663334250,1948235086,-284900836,23220341965,19085898988,4134442977
2014-04-24,4698340507,5374366469,-676025962,1190992000,2092581626,-901589626,23090828589,18215192568,4875636021
2014-04-25,6122156770,8838590182,-2716433412,1215874900,1471735290,-255860390,28246730722,21185977202,7060753520
2014-04-28,5673789529,4818051758,855737771,895152650,1914767355,-1019614705,24250485319,19823301277,4427184042
2014-04-29,6625177205,5776935475,848241730,1896020200,1522059958,373960242,19880143060,21318501240,-1438358180
2014-04-30,4611855810,6284738661,-1672882851,1562019222,1524416646,37602576,28833786057,31841215995,-3007429938
2014-05-02,5401812313,4369562625,1032249688,1235051900,1133234600,101817300,30346390680,20947185104,9399205576
2014-05-05,6927691177,5557911927,1369779250,1284910790,1438970201,-154059411,17349634507,17656102873,-306468366
2014-05-06,7827028534,6733271782,1093756752,1448513260,1977823615,-529310355,14445751334,16670275202,-2224523868
2014-05-07,5990209550,6788692829,-798483279,1551453050,1414668396,136784654,23307962354,27034806808,-3726844454
2014-05-08,5362523253,5297144826,65378427,1865248090,1761988401,103259689,22588527503,20750997897,1837529606
2014-05-09,4013056400,5877457810,-1864401410,1100609830,1679707090,-579097260,17120674073,22766807080,-5646133007
2014-05-12,3781007910,4934892250,-1153884340,1330084020,1402999399,-72915379,17750278605,24079958346,-6329679741
2014-05-13,4550992580,5541096271,-990103691,1249565380,1822524008,-572958628,23469525170,19923296970,3546228200
2014-05-14,5037931935,4445171327,592760608,1178694180,1377397047,-198702867,28548022084,20860186448,7687835636
2014-05-15,4504333080,3785070501,719262579,1261752800,1115753164,145999636,17974622305,16138047391,1836574914
2014-05-16,4461153300,5363832964,-902679664,933170644,1521351684,-588181040,21462165113,19305607570,2156557543
2014-05-19,4580673816,3971819294,608854522,971929530,1024325005,-52395475,19606818841,15085984450,4520834391
2014-05-20,4881273780,4857537409,23736371,1213309710,936848059,276461651,19683536736,18115088186,1568448550
2014-05-21,4160662395,5137873604,-977211209,651940350,981465971,-329525621,17025527200,17884003232,-858476032
2014-05-22,5877467297,4209355206,1668112091,1345041890,1220593028,124448862,22003394699,16481423959,5521970740
2014-05-23,6656911752,4696141052,1960770700,1845292500,1387158646,458133854,24120120731,20550607805,3569512926
2014-05-26,5460855600,4396753713,1064101887,1174612280,1249617546,-75005266,14103143569,13504311956,598831613
2014-05-27,4930398021,4293478830,636919191,1201994370,1397470752,-195476382,13683104065,13098704991,584399074
2014-05-28,5906191521,4879680599,1026510922,1188037167,1250921764,-62884597,28525987403,22069234543,6456752860
2014-05-29,5993006735,5828716883,164289852,1158669300,1199472902,-40803602,25353645546,21137719882,4215925664
2014-05-30,5183568354,5432723981,-249155627,1138597380,1771083643,-632486263,53496169267,54254342377,-758173110
2014-06-03,5109036535,4847971887,261064648,750930340,1568235496,-817305156,31691145558,28716412524,2974733034
2014-06-04,5586071270,4982718069,603353201,903626600,1069213877,-165587277,21346546160,22898070624,-1551524464
2014-06-05,6145509882,5718172251,427337631,1188447770,1588959679,-400511909,24055115029,23682117573,372997456
2014-06-06,5687207794,6069331560,-382123766,1017463820,1624149808,-606685988,19729341347,18954199256,775142091
2014-06-09,5571924294,4948497817,623426477,1024096900,1723334380,-699237480,18295784908,14469460776,3826324132
2014-06-10,5700237448,5909152471,-208915023,1003666000,1636214927,-632548927,25204634575,15558220950,9646413625
2014-06-11,5659763440,5480391739,179371701,1179163500,1594908427,-415744927,21606908138,18717199533,2889708605
2014-06-12,5575022369,5226184779,348837590,968275910,2035663260,-1067387350,19576137735,17597719286,1978418449
2014-06-13,4710541644,5213820102,-503278458,1021801900,1934307244,-912505344,18927719404,17595076986,1332642418
2014-06-16,4990265542,4598996377,391269165,998619550,1376399236,-377779686,22352960300,17216945232,5136015068
2014-06-17,6494608360,5324421094,1170187266,1357411570,1569445646,-212034076,22750761345,18835380345,3915381000
2014-06-18,8792222971,10342578947,-1550355976,1691451740,1678003749,13447991,39965580469,22831394992,17134185477
2014-06-19,6265183010,5342945266,922237744,1171625610,1239294700,-67669090,27469404423,19666383356,7803021067
2014-06-20,5163921141,4857740562,306180579,2390066331,2702592496,-312526165,24680545043,25547806425,-867261382
2014-06-23,5603916570,8454014166,-2850097596,1215030150,1789998697,-574968547,23038572294,18336582754,4701989540
2014-06-24,6029894825,6241723229,-211828404,1135353400,2027788264,-892434864,20930362061,17515050993,3415311068
2014-06-25,6128861210,5042452767,1086408443,990321910,1127247010,-136925100,20149234322,16703029113,3446205209
2014-06-26,6709328862,4746437302,1962891560,1640329290,1404359020,235970270,21765728260,16285203290,5480524970
2014-06-27,5221402303,5676116381,-454714078,1026340920,1247798842,-221457922,21954687364,19001618789,2953068575
2014-06-30,6634796293,4496837099,2137959194,1420061042,932026178,488034864,25362120505,19115169646,6246950859
2014-07-01,8254471244,6089480702,2164990542,1675100200,1545381610,129718590,21738863904,16490108112,5248755792
2014-07-02,9309230271,9439585846,-130355575,2379453509,1846672755,532780754,29945356079,21183322199,8762033880
2014-07-03,9803757360,7052615734,2751141626,1457825049,1878924379,-421099330,20951051266,20626726913,324324353
2014-07-04,8168572046,7795942486,372629560,1577716050,2089458291,-511742241,16609619430,21786167057,-5176547627
2014-07-07,8135411063,7410592601,724818462,1023349990,1113369013,-90019023,22219561935,18170309683,4049252252
2014-07-08,7015742574,6031628144,984114430,1235453110,1471247927,-235794817,20620231417,17943981326,2676250091
2014-07-09,5827480225,7089819230,-1262339005,912932950,883177158,29755792,19631198742,21592223607,-1961024865
2014-07-10,9368585955,6967286804,2401299151,1591984210,1559493200,32491010,44377961279,44304489235,73472044
2014-07-11,7373820447,10270413039,-2896592592,1389461550,1870505819,-481044269,24410035182,23392398148,1017637034
2014-07-14,7743910990,7042278535,701632455,1468663380,1795869280,-327205900,24483565605,26955866712,-2472301107
2014-07-15,7080089218,6635656894,444432324,1870798400,1422744700,448053700,28083238755,25268554272,2814684483
2014-07-16,7741407774,8736949515,-995541741,1168463110,1324188200,-155725090,27562845439,26331166105,1231679334
2014-07-17,7678930999,8448581914,-769650915,1432982450,1783378983,-350396533,31825359516,34295765888,-2470406372
2014-07-18,7271665380,5737159502,1534505878,1241981490,1610100473,-368118983,27192007520,25962529980,1229477540
2014-07-21,5977521450,5342233317,635288133,1046217800,894358747,151859053,22412280090,22531680148,-119400058
2014-07-22,9821677571,5527149353,4294528218,1166176640,1064126373,102050267,26232301523,19554382692,6677918831
2014-07-24,8081266392,9714689185,-1633422793,1435672490,1357077200,78595290,33363498712,31696758760,1666739952
2014-07-25,5778057635,8488399366,-2710341731,2669702160,2269541146,400161014,23127564836,24382465608,-1254900772
2014-07-28,8769930600,6822444861,1947485739,1841946750,2670544364,-828597614,28589547143,25851773662,2737773481
2014-07-29,7238153700,10895367332,-3657213632,2415641790,3270389620,-854747830,35163248469,27189237178,7974011291
2014-07-30,7771737603,6926219854,845517749,2180312680,1877541354,302771326,32613003461,24221446109,8391557352
2014-07-31,6329290387,8271029712,-1941739325,1391952970,1395889251,-3936281,27543918129,37958143146,-10414225017
2014-08-01,7634188970,6929964620,704224350,1332595540,1645051981,-312456441,30102537261,28217666818,1884870443
2014-08-04,6316691280,4904127239,1412564041,1220162630,976027900,244134730,28866792979,27762891004,1103901975
2014-08-05,6075787380,9384270373,-3308482993,1522376120,1011806550,510569570,23956005805,41525793756,-17569787951
2014-08-06,7601691230,8308346146,-706654916,937911300,1276373280,-338461980,26459546127,21225939901,5233606226
2014-08-07,5530834600,8672674918,-3141840318,1261416030,976711288,284704742,19674510302,21074436666,-1399926364
2014-08-08,6115106750,6659203095,-544096345,1407083710,1223425480,183658230,22251940757,23708817129,-1456876372
2014-08-11,7658447210,5376893798,2281553412,1469959548,688447896,781511652,17848738296,19623022304,-1774284008
2014-08-12,6461677869,7268385361,-806707492,1766971310,1125254932,641716378,19423175238,22840402539,-3417227301
2014-08-13,5998711458,6525184792,-526473334,1138616349,908817096,229799253,23666606015,16621179023,7045426992
2014-08-14,5564229940,7838585413,-2274355473,1701707300,1120795519,580911781,20283333757,20830802776,-547469019
2014-08-15,6644825404,5661465368,983360036,737923050,974344987,-236421937,16909014654,15990921703,918092951
2014-08-18,5733856880,5345273213,388583667,815437149,872070534,-56633385,15368476151,14613556009,754920142
2014-08-19,7875634212,7407322900,468311312,1404038130,811183583,592854547,24639593866,18607855159,6031738707
2014-08-20,8025755700,7528847888,496907812,1445192020,861950920,583241100,25487872033,19878325373,5609546660
2014-08-21,5151050485,8057264264,-2906213779,1401699240,1145301945,256397295,20813226748,19071956597,1741270151
2014-08-22,9337014640,5528112153,3808902487,1645813330,646196600,999616730,36743702449,22378221659,14365480790
2014-08-25,6135936497,5516067226,619869271,885007400,715581191,169426209,16992312770,12281111655,4711201115
2014-08-26,10745204440,5618925734,5126278706,1224628150,732253239,492374911,20964840992,17772627806,3192213186
2014-08-27,10196176208,6115171926,4081004282,1157199540,566471036,590728504,33016366725,21336739376,11679627349
2014-08-28,6845976320,11863222974,-5017246654,1465517890,1073433743,392084147,20826881332,16757479559,4069401773
2014-08-29,5502560259,7830773139,-2328212880,1238578420,1746900777,-508322357,26471041748,21983298580,4487743168
2014-09-01,6384011257,6727489461,-343478204,1022097720,972236348,49861372,23547786012,15050055128,8497730884
2014-09-02,5215229310,9194833623,-3979604313,968249169,1227453755,-259204586,18440496962,19068784936,-628287974
2014-09-03,6429783813,7296066409,-866282596,1081425270,1576338898,-494913628,25984161401,18863495088,7120666313
2014-09-04,5482570160,5682615027,-200044867,2225145200,1641861804,583283396,17398036503,17050518870,347517633
2014-09-05,4656909693,6281311580,-1624401887,943539096,930626100,12912996,19287838687,17534693896,1753144791
2014-09-09,4826913589,5358902266,-531988677,1478899720,1375524834,103374886,24760880716,15336279555,9424601161
2014-09-10,5566091380,6191052494,-624961114,1112135060,1370878893,-258743833,14007202307,24417063595,-10409861288
2014-09-11,4912532522,5381030127,-468497605,1374611913,1624961129,-250349216,17580905879,19074850842,-1493944963
2014-09-12,5068070647,7814205286,-2746134639,1223708330,1234034716,-10326386,16485259628,21084910194,-4599650566
2014-09-15,4049247945,5387094075,-1337846130,899782170,806258017,93524153,17223454232,18315619740,-1092165508
2014-09-16,4389504572,6193311981,-1803807409,790384500,791711362,-1326862,11086169737,18879987805,-7793818068
2014-09-17,7842215315,6285214621,1557000694,1534158990,847332059,686826931,21488888855,24502009645,-3013120790
2014-09-18,5402327491,5127865469,274462022,1223320690,1059685618,163635072,15784833981,16827150141,-1042316160
2014-09-19,5495074777,5861400991,-366326214,1901102172,1653806650,247295522,21240355475,24233024057,-2992668582
2014-09-22,4336953500,7405832536,-3068879036,992317557,1079812223,-87494666,14201974099,29288529449,-15086555350
2014-09-23,5204388564,5658872894,-454484330,883213918,1062443117,-179229199,24125814486,30633339849,-6507525363
2014-09-24,5530273718,5513091197,17182521,1153918208,918017410,235900798,22159468659,27815774102,-5656305443
2014-09-25,5402246596,8074363909,-2672117313,1682312940,1372059785,310253155,19752941194,25644151481,-5891210287
2014-09-26,5782227717,5618580174,163647543,825015680,1121904505,-296888825,22643858518,25636247475,-2992388957
2014-09-29,4903711660,4858601205,45110455,1352444850,804449463,547995387,27245232294,39711016144,-12465783850
2014-09-30,7459380996,8167940523,-708559527,1219093430,1475594859,-256501429,31684842263,36142811975,-4457969712
2014-10-01,6116889354,5876748160,240141194,1442998659,761124548,681874111,21050854521,28328974669,-7278120148
2014-10-02,5433722326,4907418652,526303674,1080867778,868556550,212311228,18984837843,25173417275,-6188579432
2014-10-03,6307648890,5454300572,853348318,1532006580,767626616,764379964,22674588482,18672902312,4001686170
2014-10-06,4990638245,5238417090,-247778845,1224421300,944098380,280322920,20225614555,24456258843,-4230644288
2014-10-07,4506474731,6572292885,-2065818154,647242270,868680564,-221438294,24372941871,24964493750,-591551879
2014-10-08,4195917254,5436559990,-1240642736,894495120,1117179058,-222683938,23127610782,27736729004,-4609118222
2014-10-09,4631995636,6838972149,-2206976513,970215530,1437897844,-467682314,24213042149,24366448135,-153405986
2014-10-13,4579440752,8492802985,-3913362233,967203290,1413443299,-446240009,26171564704,34332392332,-8160827628
2014-10-14,4258276972,4575668676,-317391704,1147023551,1090500389,56523162,21635083751,23953379981,-2318296230
2014-10-15,5570433755,7967990266,-2397556511,1380890710,1514406332,-133515622,35993923305,39451474199,-3457550894
2014-10-16,7894791824,6199923456,1694868368,1634426210,1912536272,-278110062,27842845078,32773194286,-4930349208
2014-10-17,5037261668,9064520343,-4027258675,1446888160,1609169403,-162281243,46262816028,53384132096,-7121316068
2014-10-20,5743516346,4759287041,984229305,1039120279,787187108,251933171,24847997704,22343888431,2504109273
2014-10-21,4307614520,4500671516,-193056996,1286488200,585515610,700972590,18113566866,20521282929,-2407716063
2014-10-22,6139448842,5600306083,539142759,1275756200,681750095,594006105,24701358353,19331245208,5370113145
2014-10-23,4828433285,5200713205,-372279920,1396498180,1062361442,334136738,16425761969,14930857858,1494904111
2014-10-24,4328315040,5604099743,-1275784703,845422030,1146410862,-300988832,16001041251,21957297165,-5956255914
2014-10-27,4045387298,5146350102,-1100962804,745248338,999945630,-254697292,20681477415,14593635142,6087842273
2014-10-28,8442221790,5054587013,3387634777,1290047130,1338095188,-48048058,31921370651,19683363337,12238007314
2014-10-29,8738742304,5739223902,2999518402,2297020870,605989183,1691031687,30784972641,20722509619,10062463022
2014-10-30,6165954313,5848629866,317324447,1720479310,1092270465,628208845,25202544825,18795368139,6407176686
2014-10-31,7077735268,5553683570,1524051698,1467975700,1588746568,-120770868,30228580439,22120502948,8108077491
2014-11-03,7016721586,5730838002,1285883584,1686530830,995630112,690900718,25493237004,18240517220,7252719784
2014-11-04,6419609369,5770749579,648859790,1310306200,1013857116,296449084,24705659588,17657550652,7048108936
2014-11-05,5744445209,5983243322,-238798113,753360100,1214037565,-460677465,18968676176,16388316798,2580359378
2014-11-06,5390216180,7523912552,-2133696372,985272570,1376799850,-391527280,20404988061,16587416642,3817571419
2014-11-07,7042777158,5656580308,1386196850,1053878950,1236402526,-182523576,17614483785,15821401867,1793081918
2014-11-10,7691221728,6820929810,870291918,1498431700,982948892,515482808,31933178876,16072003754,15861175122
2014-11-11,6802532090,7183598110,-381066020,1099618090,994187541,105430549,22308481872,17127483508,5180998364
2014-11-12,5979293390,6862399905,-883106515,1110812970,1456032910,-345219940,19214964412,23032346573,-3817382161
2014-11-13,6832862679,5993394475,839468204,911482520,959795673,-48313153,20426921410,16566464749,3860456661
2014-11-14,5597476547,5398743609,198732938,1297476550,1179699184,117777366,21744388641,19298259444,2446129197
2014-11-17,5120826770,6238861811,-1118035041,800159090,904443734,-104284644,18108251411,23358471908,-5250220497
2014-11-18,4829495259,6735328508,-1905833249,700798880,1219041376,-518242496,23328007229,20190014691,3137992538
2014-11-19,7394959175,5977005003,1417954172,1204385991,1058653041,145732950,41867847014,28598196116,13269650898
2014-11-20,8010132148,5954960551,2055171597,2175066660,1606361520,568705140,29507664740,19364387037,10143277703
2014-11-21,6278731865,5870293108,408438757,1904476340,1652233672,252242668,21893701980,18334762768,3558939212
2014-11-24,6295602993,5289113486,1006489507,1279250094,942665279,336584815,20357785174,14956468163,5401317011
2014-11-25,6796450550,5385199734,1411250816,993287870,1017044061,-23756191,33103066965,29805249282,3297817683
2014-11-26,7323017000,6388534912,934482088,1028302050,1006869738,21432312,18449435374,15353079240,3096356134
2014-11-27,8022117124,6935640797,1086476327,1169750580,1055157252,114593328,21035317915,13604258347,7431059568
2014-11-28,5801845384,5816247183,-14401799,1432105850,854725385,577380465,20263355608,14562642727,5700712881
2014-12-01,1893067490,1650243880,242823610,5799643170,5878656219,-79013049,1317418780,1134394888,183023892,21310062104,26793849532,-5483787428
2014-12-02,1139930970,1210083692,-70152722,5715851440,6951694327,-1235842887,1335436500,3297430582,-1961994082,23386765529,31544991582,-8158226053
2014-12-03,1877703220,1354142684,523560536,9041347793,5874003426,3167344367,2019022940,2090437663,-71414723,22927928756,23844018124,-916089368
2014-12-04,1374584770,871354776,503229994,8013285620,6883916612,1129369008,1515677680,1219602186,296075494,25490182703,18647630362,6842552341
2014-12-05,1398785690,826584443,572201247,7051810330,7473578005,-421767675,1733762390,1883871392,-150109002,20882035972,22339786772,-1457750800
2014-12-08,894832080,1098722429,-203890349,6284509500,6586618606,-302109106,1351345265,2065144068,-713798803,17154875271,20606263044,-3451387773
2014-12-09,816175948,1006980596,-190804648,7206560430,7211851422,-5290992,1210065760,2293956062,-1083890302,19045387119,22264452984,-3219065865
2014-12-10,1062778820,1576985660,-514206840,5878421420,8018293962,-2139872542,836961500,2110812114,-1273850614,19218660705,30560023576,-11341362871
2014-12-11,743049010,1000708642,-257659632,7877500390,7135439853,742060537,893914701,1562957213,-669042512,21007907309,24846821681,-3838914372
2014-12-12,852739190,1183152500,-330413310,5211810880,5651831237,-440020357,801510926,1217566409,-416055483,18734680092,23632084711,-4897404619
2014-12-15,812950750,995457950,-182507200,4355388581,4116566047,238822534,660062200,1615825646,-955763446,19000896784,23763790258,-4762893474
2014-12-16,1088983270,803934750,285048520,5057668090,5358068799,-300400709,1007484290,1826416512,-818932222,19954575389,29793430643,-9838855254
2014-12-17,1725663079,1239471717,486191362,6285783193,6734816673,-449033480,1281936210,2056898080,-774961870,27796275526,48426638888,-20630363362
2014-12-18,1192085650,1391215883,-199130233,5203097284,6119594470,-916497186,1189805680,865674593,324131087,22614260911,29966081083,-7351820172
2014-12-19,1522057430,1633705562,-111648132,6692978080,6707959394,-14981314,2852179240,1827178014,1025001226,29660589853,21379562415,8281027438
2014-12-22,1453413460,867132169,586281291,7322349890,5011048400,2311301490,1528068200,1212078384,315989816,18618340702,14411579933,4206760769
2014-12-23,1098591850,876120006,222471844,5017538010,5171010576,-153472566,1234171850,1136216439,97955411,14226122889,12893463188,1332659701
2014-12-24,1421281480,869182662,552098818,5695896330,5531228025,164668305,2493510990,2021355334,472155656,13788498707,10625156933,3163341774
2014-12-25,694721820,656535710,38186110,4044417040,4451176507,-406759467,1187252240,1856912026,-669659786,4663930980,3245387688,1418543292
2014-12-26,816047890,858619520,-42571630,4628363329,3673439019,954924310,1190017790,1271921536,-81903746,7682698623,4934027221,2748671402
2014-12-27,580242000,255374220,324867780,2758564141,2466611058,291953083,879460000,806221242,73238758,229954924,497808365,-267853441
2014-12-29,1137681950,987362766,150319184,5624402593,4990447568,633955025,1373600905,1226574720,147026185,22018793746,11158326274,10860467472
2014-12-30,1030711760,1309290421,-278578661,4507588530,5279057959,-771469429,1285208000,1269560667,15647333,14261684885,11873208296,2388476589
2014-12-31,1396005980,963389895,432616085,3233964760,3872008928,-638044168,634623690,1507435277,-872811587,11730930970,10082827212,1648103758
2015-01-05,1565617142,997990559,567626583,6316615555,4706997298,1609618257,1197930470,1241719128,-43788658,15891363699,19086750196,-3195386497
2015-01-06,1605111560,1380525678,224585882,5837279560,8167009059,-2329729499,1678213665,2287326691,-609113026,19506746103,37575748613,-18069002510
2015-01-07,1301298540,1562648480,-261349940,6101011820,5037397333,1063614487,1940077030,1515637517,424439513,22350844410,26164953381,-3814108971
2015-01-08,1712858150,1518099010,194759140,8042631011,7343235536,699395475,1959269820,1440812714,518457106,27433498134,18661263941,8772234193
2015-01-09,2127730010,1462857495,664872515,5862300420,6519556560,-657256140,2030229180,1548445858,481783322,20777003713,22093422859,-1316419146
2015-01-12,1135788130,871151845,264636285,5345657720,6232842076,-887184356,1696067090,1693040533,3026557,16200384913,16413246556,-212861643
2015-01-13,1431562610,1372624566,58938044,5846723480,5818923216,27800264,1610820880,1554735323,56085557,25650705225,22962129901,2688575324
2015-01-14,1182364460,952345740,230018720,5261679870,6083927642,-822247772,1182262190,1040720455,141541735,23071030192,29679835698,-6608805506
2015-01-15,1055751420,1090735777,-34984357,5384183590,5310989596,73193994,1280581960,1265589910,14992050,20982697629,24567611798,-3584914169
2015-01-16,1195817800,1986807290,-790989490,5506736460,7267580997,-1760844537,1795508860,1996336971,-200828111,31178999137,39377958690,-8198959553
2015-01-19,779045447,1718699820,-939654373,6257332950,7691831692,-1434498742,1141569980,1217572848,-76002868,24580881761,15664049992,8916831769
2015-01-20,1522316310,1378217766,144098544,6920033150,6251408776,668624374,1339586860,1335456340,4130520,22294925125,13727965633,8566959492
2015-01-21,1823663360,1594052370,229610990,5959837734,6350429838,-390592104,1333369540,1389695619,-56326079,36598695623,19375851506,17222844117
2015-01-22,1605173470,1003827960,601345510,5902532387,5658426414,244105973,2041462530,1417279822,624182708,30630503043,18695706365,11934796678
2015-01-23,1933032130,1550454170,382577960,7037174905,6507356985,529817920,1910221230,1699057276,211163954,39853913027,18572295278,21281617749
2015-01-26,1306017510,1080825836,225191674,4969929060,4987482605,-17553545,1526852040,1324463975,202388065,27972722863,18940024203,9032698660
2015-01-27,1321937310,949942700,371994610,4834517630,4908911386,-74393756,1419264000,1309437346,109826654,30693744772,17399312773,13294431999
2015-01-28,900733537,901413070,-679533,5328008740,4445789614,882219126,1100294150,1152060795,-51766645,27433867165,17240034695,10193832470
2015-01-29,1249406960,1550653733,-301246773,4415911492,6322252060,-1906340568,887356410,2601945755,-1714589345,22743939641,22577831721,166107920
2015-01-30,986608280,980842593,5765687,3870413350,4479003252,-608589902,937641800,1529807711,-592165911,29039376462,31923494944,-2884118482
2015-02-02,931449637,1153538960,-222089323,3771860550,3930001409,-158140859,1364319350,1895358829,-531039479,24324338928,19971470242,4352868686
2015-02-03,1414295802,1070869526,343426276,4720275110,4321704043,398571067,1750011900,1301973739,448038161,25570439018,17916184137,7654254881
2015-02-04,1308986702,1312570641,-3583939,5403155200,4629377997,773777203,1619504500,1794360310,-174855810,35622764014,25281117268,10341646746
2015-02-05,1006508338,868807196,137701142,4107425430,6073892544,-1966467114,1130927950,1272797501,-141869551,22162674210,19910472755,2252201455
2015-02-06,1001167850,1072013403,-70845553,3414616175,5159826284,-1745210109,1135702520,1180780670,-45078150,21805750355,20535512282,1270238073
2015-02-09,819080458,998298962,-179218504,3203004000,3816628465,-613624465,1399259620,1311512313,87747307,20307400763,17040101194,3267299569
2015-02-10,1105594650,1139849263,-34254613,3794845490,4234999985,-440154495,1133390650,1243565996,-110175346,28337056644,23905125233,4431931411
2015-02-11,1112277607,1339004140,-226726533,4461557680,3706410050,755147630,1393273530,2062093840,-668820310,37922625499,30452643712,7469981787
2015-02-12,708867660,985296806,-276429146,3637853796,3597144650,40709146,1769912090,1972974681,-203062591,29665230234,21168123309,8497106925
2015-02-13,1137415320,959813170,177602150,3567236409,4164611117,-597374708,1831370060,1839092461,-7722401,29570533211,17005376521,12565156690
2015-02-24,2008855030,1389377840,619477190,3988182533,3630282120,357900413,1845638380,1259123523,586514857,55122365329,43358004524,11764360805
2015-02-25,1593849240,1275349347,318499893,4238347410,4941606321,-703258911,1464935697,1722945108,-258009411,36893872184,22630951775,14262920409
2015-02-26,1166174540,1105905763,60268777,4420119380,3971229307,448890073,1326266230,1627051538,-300785308,41044023584,32621277025,8422746559
2015-03-02,1371227730,1251077790,120149940,3830891845,4045192482,-214300637,1267646830,1691394149,-423747319,32092425647,31130226430,962199217
2015-03-03,1003587880,1302204590,-298616710,3885301176,4332525762,-447224586,1310963460,1766980750,-456017290,26022426929,22103437235,3918989694
2015-03-04,1135136900,1075453940,59682960,4564348589,4462699739,101648850,1299287920,2171611399,-872323479,25027348058,18706816614,6320531444
2015-03-05,1305665241,1069474583,236190658,4093698960,5441623896,-1347924936,1358024970,1902176168,-544151198,21837476089,22657991940,-820515851
2015-03-06,1730611030,1229644370,500966660,4685089207,4140138594,544950613,1534939020,1801017277,-266078257,27346419787,23494041566,3852378221
2015-03-09,1414970510,1108157930,306812580,4192975020,4952263002,-759287982,1034230360,1327883909,-293653549,17777748470,28492779940,-10715031470
2015-03-10,1203266150,1192517200,10748950,4798721365,4422453141,376268224,1267283220,1432091439,-164808219,22602783794,31292715176,-8689931382
2015-03-11,1287995403,1113851960,174143443,5488717299,4669685407,819031892,865830840,1653680844,-787850004,25743149153,33957462948,-8214313795
2015-03-12,1311038571,1121508922,189529649,6746674582,4955592029,1791082553,1710370604,1965582442,-255211838,26552398024,25073885484,1478512540
2015-03-13,1329560620,1207096320,122464300,4755425285,5012750508,-257325223,1197340060,1107302132,90037928,21939793318,26912208936,-4972415618
2015-03-16,1206895160,730596705,476298455,4655117030,4021517389,633599641,1054661073,2022306851,-967645778,21102437819,28967932595,-7865494776
2015-03-17,1293985750,2255946320,-961960570,5517719245,4863676899,654042346,1304921910,1747145793,-442223883,28976020805,28622490478,353530327
2015-03-18,1728682740,1757069477,-28386737,5783210386,5754668766,28541620,1197603370,1693925577,-496322207,39003214727,28331862617,10671352110
2015-03-19,2840060910,1304600438,1535460472,8002423138,5869211150,2133211988,1455601740,1881578970,-425977230,32297583365,23781063643,8516519722
2015-03-20,1841407220,1570050432,271356788,5862855837,5866375707,-3519870,2581727570,3178804320,-597076750,34528112640,35460306552,-932193912
2015-03-23,1556563410,1424910969,131652441,6665881382,5708418022,957463360,1289402510,2044411006,-755008496,24271767116,22243897342,2027869774
2015-03-24,1118984170,1187739176,-68755006,5952694175,5566218685,386475490,728119240,1872297202,-1144177962,26158025615,27060230482,-902204867
2015-03-25,1071389180,1593771470,-522382290,4234680193,5399013169,-1164332976,777277380,2089461526,-1312184146,24221870972,27527602515,-3305731543
2015-03-26,1240551120,1592713040,-352161920,5635300250,4485195607,1150104643,630621400,2440730573,-1810109173,42680036226,54153428509,-11473392283
2015-03-27,1049356730,1883479763,-834123033,4133522655,4691231153,-557708498,840973770,1581092608,-740118838,28746729795,48343850660,-19597120865
2015-03-30,989590730,1540671085,-551080355,4938212115,4421448533,516763582,758285850,1666053301,-907767451,28318597692,29754573912,-1435976220
2015-03-31,1267062390,1793269034,-526206644,5502816397,5207580088,295236309,1060463420,1686445079,-625981659,31637790738,33662306326,-2024515588
2015-04-01,1160595880,1091583016,69012864,4210579020,5272986112,-1062407092,1077508600,1713702354,-636193754,21780042775,28602140311,-6822097536
2015-04-02,1126923070,962971841,163951229,4647539962,4669102424,-21562462,1359340350,1323077317,36263033,32218685087,26952944254,5265740833
2015-04-07,1209307100,954524620,254782480,5556137590,3735521745,1820615845,1391913860,1475968380,-84054520,25281664363,23257870488,2023793875
2015-04-08,1179636772,888641694,290995078,4440280380,4901376433,-461096053,1371497370,1615758035,-244260665,27435849622,34026678598,-6590828976
2015-04-09,1436268355,1517709721,-81441366,5923700655,5058404720,865295935,1614279970,1769625045,-155345075,25494219956,26739211662,-1244991706
2015-04-10,1124186220,910860240,213325980,5587832829,4537375845,1050456984,1159573200,1856589319,-697016119,27876516900,24141841029,3734675871
2015-04-13,1281749370,1202583710,79165660,5327352755,3980071798,1347280957,2032217790,1226405680,805812110,25701598646,23234251836,2467346810
2015-04-14,1473050789,1165385640,307665149,5862019487,5124510436,737509051,1496036555,1770291588,-274255033,26039071848,29360662722,-3321590874
2015-04-15,1992107850,1705098920,287008930,5533985545,6150276191,-616290646,1844467370,2244630777,-400163407,26949119890,48572808698,-21623688808
2015-04-16,1466487040,1936464003,-469976963,6310148720,5070698406,1239450314,940883610,1476486885,-535603275,37246086050,26787576124,10458509926
2015-04-17,961499910,1152809797,-191309887,5211749798,6425831829,-1214082031,1749683050,2327598014,-577914964,28036260495,31842322754,-3806062259
2015-04-20,1267175430,1367380810,-100205380,5230408373,5191381776,39026597,911536580,1622012271,-710475691,28851398738,29047440268,-196041530
2015-04-21,1107760120,1856822445,-749062325,5269791020,5632877199,-363086179,873167300,1579074922,-705907622,28652146519,25268274230,3383872289
2015-04-22,1349663040,1586468433,-236805393,6783699030,5602981065,1180717965,1635202500,1753122575,-117920075,38000388735,31655569568,6344819167
2015-04-23,3009637250,1742828710,1266808540,10533148280,6962089940,3571058340,2359231320,2178251787,180979533,50179999654,27853307633,22326692021
2015-04-24,3245651500,2513302965,732348535,8293675825,9713510753,-1419834928,2340820140,2523455293,-182635153,77118509523,30639328796,46479180727
2015-04-27,2269751160,1372246216,897504944,8572887060,5862380281,2710506779,1884566400,2132656910,-248090510,44783389307,23210486645,21572902662
2015-04-28,1749053900,1246862623,502191277,7642793330,6603850443,1038942887,1504150580,1351182724,152967856,36283873262,25376015423,10907857839
2015-04-29,2811399510,2236393690,575005820,5115203797,6267283215,-1152079418,1493072630,2277769351,-784696721,31771222910,24527418781,7243804129
2015-04-30,1548239350,1884267805,-336028455,5240165093,4145297777,1094867316,1850855790,1990840106,-139984316,39954702852,38353735247,1600967605
2015-05-04,1215744140,1350242930,-134498790,6318634225,5032229514,1286404711,1749505720,1215329544,534176176,28345969620,25630771106,2715198514
2015-05-05,1265707120,1462541708,-196834588,4887665365,5566014501,-678349136,1659389600,1570674794,88714806,24387825354,20700370286,3687455068
2015-05-06,1598796650,1479839960,118956690,6026874510,5064174248,962700262,1528297110,1927734138,-399437028,25839994735,24114408561,1725586174
2015-05-07,1212039710,1778472829,-566433119,6072029793,7400627124,-1328597331,1214656310,1538129060,-323472750,23429644341,24833028294,-1403383953
2015-05-08,932295080,1705373807,-773078727,4626487605,5151216740,-524729135,1195490120,1446370438,-250880318,22875178555,20316797559,2558380996
2015-05-11,1211895340,1725912621,-514017281,5447751065,6746332592,-1298581527,1290564940,1674887193,-384322253,24303548291,18013541082,6290007209
2015-05-12,1397315220,1108388489,288926731,5450845655,4580425885,870419770,1411000420,1277880593,133119827,28706220872,25456783071,3249437801
2015-05-13,1305408650,1075616173,229792477,6224203917,5197628105,1026575812,1612256550,953679883,658576667,29715759903,25553619557,4162140346
2015-05-14,1212496350,1530736205,-318239855,4959153095,7668078011,-2708924916,1236275620,1337415191,-101139571,29747745436,35465373395,-5717627959
2015-05-15,1201366770,2141702310,-940335540,5279681691,5693328843,-413647152,977001940,1353822755,-376820815,20508532368,19786712113,721820255
2015-05-18,863540040,1298105437,-434565397,6411788645,5583381815,828406830,1117019510,1656525211,-539505701,28834874965,19705139465,9129735500
2015-05-19,2854424380,1594605490,1259818890,9446864765,8249521145,1197343620,1759027180,1433706640,325320540,31965459854,22181603189,9783856665
2015-05-20,1620065860,1896037603,-275971743,8066088010,8958713389,-892625379,1351103530,1313831094,37272436,28345958912,30253435570,-1907476658
2015-05-21,1413490010,2661719300,-1248229290,6218225392,7433552335,-1215326943,1328900980,1397273531,-68372551,22302922959,34403317639,-12100394680
2015-05-22,1735371660,1741168994,-5797334,8975572991,7283968056,1691604935,1519045100,1719936334,-200891234,23589285106,20915558300,2673726806
2015-05-25,1422197170,986981630,435215540,7722058505,6985414058,736644447,1455617950,1445535898,10082052,12246471742,14989425152,-2742953410
2015-05-26,1367252820,1478533892,-111281072,6390921114,6583372299,-192451185,1162438060,1439819850,-277381790,18920798929,14250820844,4669978085
2015-05-27,1716813170,1485947140,230866030,8320528350,7723667243,596861107,1288095920,1190492366,97603554,28479552431,25758057287,2721495144
2015-05-28,1855187500,1285227468,569960032,8444318290,8420889072,23429218,1368596020,1787792437,-419196417,35136603550,33922357076,1214246474
2015-05-29,1495952420,1290955150,204997270,6748857070,8424393165,-1675536095,1183149130,1377772812,-194623682,68745893536,69046298542,-300405006
2015-06-01,1028047780,1641895849,-613848069,6839163936,7819638548,-980474612,1148037340,1659110064,-511072724,19522659991,28650698299,-9128038308
2015-06-02,1376992460,2006121880,-629129420,6974141515,7376115701,-401974186,1275884770,2281180161,-1005295391,26107433668,27898546793,-1791113125
2015-06-03,1462403990,1699027780,-236623790,7068478384,8093948191,-1025469807,1131511440,1781493145,-649981705,23272884392,26330381982,-3057497590
2015-06-04,1729917110,3589377357,-1859460247,9225779660,12420392714,-3194613054,983082061,1736888693,-753806632,30442421549,43516137699,-13073716150
2015-06-05,1034436680,2577577441,-1543140761,9488669235,8058729283,1429939952,981145607,1516792655,-535647048,22798683776,32731176619,-9932492843
2015-06-08,1082055510,1242337365,-160281855,8855630293,6247930347,2607699946,770302350,1424055284,-653752934,19922727527,28799512132,-8876784605
2015-06-09,1008813290,1773587470,-764774180,6806455140,8617646522,-1811191382,1079131380,1395211046,-316079666,21865159108,25447368911,-3582209803
2015-06-10,1243840520,1960972773,-717132253,7259260595,6577522018,681738577,2014974360,1549795824,465178536,24308334082,27819960843,-3511626761
2015-06-11,1299108240,906184090,392924150,6095905892,7630219696,-1534313804,1365436340,1212313590,153122750,25888245439,34804180802,-8915935363
2015-06-12,1134517280,1079660612,54856668,5230327405,4970683423,259643982,1064580000,1345276978,-280696978,19877884628,24535650775,-4657766147
2015-06-15,937221640,974830200,-37608560,5214937485,6291916487,-1076979002,991781550,1164553411,-172771861,17432749911,21827765006,-4395015095
2015-06-16,1131960140,765645624,366314516,5048247425,5867346625,-819099200,669274800,862715608,-193440808,20269376276,27706888674,-7437512398
2015-06-17,1252995690,1061155687,191840003,6698516495,6694257098,4259397,766305300,1098036415,-331731115,28634835536,39133850176,-10499014640
2015-06-18,1221119190,860278500,360840690,5083533595,6269076700,-1185543105,1075691150,1040772009,34919141,25483075014,30316203689,-4833128675
2015-06-22,2111935530,1155515872,956419658,5762243140,4575904224,1186338916,866666480,707539784,159126696,28376489181,25232185638,3144303543
2015-06-23,1822026970,1467682247,354344723,7952104405,9465675041,-1513570636,1805107900,1066827552,738280348,25157017066,26455096275,-1298079209
2015-06-24,1075944660,877718340,198226320,5637678055,6040195496,-402517441,1190326470,1101496390,88830080,19518145455,19228767961,289377494
2015-06-25,1644096480,1449225755,194870725,8656991481,5893107458,2763884023,1413086420,1006903732,406182688,36099978993,25616321788,10483657205
2015-06-26,1656742300,697720530,959021770,7038150724,9377842450,-2339691726,1268673590,994142394,274531196,19906237980,17649814326,2256423654
2015-06-29,1112351730,2624313900,-1511962170,6947058390,10894188627,-3947130237,857241850,877089640,-19847790,17011477833,24124733599,-7113255766
2015-06-30,1036538330,1677639173,-641100843,7621091948,7390737945,230354003,1071434190,1001214225,70219965,32209991264,31014645811,1195345453
2015-07-01,1927793185,1266712732,661080453,6860223908,6639868495,220355413,1753146230,852443429,900702801,21309202278,19878074034,1431128244
2015-07-02,1330610340,1033774440,296835900,7561874675,9947763430,-2385888755,1234370470,996816992,237553478,22870605333,26009689721,-3139084388
2015-07-03,1042387065,1009913647,32473418,8325320531,12452231994,-4126911463,642096930,1331039660,-688942730,16411555796,22089592743,-5678036947
2015-07-06,1001690470,1185078492,-183388022,6240665170,10614388802,-4373723632,1124955880,1150647574,-25691694,17500020610,23079509014,-5579488404
2015-07-07,1307395323,1902410064,-595014741,7613102095,9246753254,-1633651159,853038450,1180540509,-327502059,26051576787,26309044311,-257467524
2015-07-08,1912394510,2387280380,-474885870,8393856640,13262764584,-4868907944,793692400,1833871254,-1040178854,33796652101,49138533482,-15341881381
2015-07-09,1610263480,2566837025,-956573545,10886494555,10806177440,80317115,1057203330,1889859304,-832655974,27922463649,41159293809,-13236830160
2015-07-13,1356684330,1934107982,-577423652,9314795675,5466613790,3848181885,1420934350,1409019765,11914585,30703293830,33918087455,-3214793625
2015-07-14,1058404610,1411477416,-353072806,6932320060,9102859023,-2170538963,1757474950,1141617638,615857312,27760850326,27904687386,-143837060
2015-07-15,1125934919,1512131680,-386196761,5887599310,7339757126,-1452157816,1201280280,650360883,550919397,25516315013,23641851068,1874463945
2015-07-16,944318150,832105760,112212390,6606187915,6314325095,291862820,1079650580,724066920,355583660,20473539827,19228642497,1244897330
2015-07-17,953448690,1017130720,-63682030,5044816380,5730770630,-685954250,1674357710,1312282357,362075353,22540894292,19143112965,3397781327
2015-07-20,936275160,1128772285,-192497125,5631022750,6912009693,-1280986943,1859685500,1490054311,369631189,22333670166,19055167537,3278502629
2015-07-21,818738560,856639620,-37901060,6128870820,5806322051,322548769,1345136760,1340869312,4267448,21432365146,16267417842,5164947304
2015-07-22,1219933870,1332439609,-112505739,4371821230,5582208488,-1210387258,1185501050,700815812,484685238,24071314340,27358375623,-3287061283
2015-07-23,1232914810,1390811832,-157897022,8055578040,6338807235,1716770805,1272706688,1289157201,-16450513,27025784746,32959641790,-5933857044
2015-07-24,686625820,906389283,-219763463,5079340395,4439570993,639769402,1473478080,1451602982,21875098,21840099610,24699308362,-2859208752
2015-07-27,1681585170,1516717430,164867740,4815618380,8806317817,-3990699437,1229388932,1287485363,-58096431,24117467242,27519569991,-3402102749
2015-07-28,2227739040,1248871397,978867643,8600294740,7439345736,1160949004,1791685210,1254519739,537165471,28794365788,33375563738,-4581197950
2015-07-29,950292980,1382035139,-431742159,5370447944,6466186883,-1095738939,1357881160,822255000,535626160,28745260999,31107154894,-2361893895
2015-07-30,1037991170,1594032850,-556041680,6533060140,5264664223,1268395917,1864124337,827881550,1036242787,27881341229,27023487085,857854144
2015-07-31,689757370,1633495520,-943738150,4462731868,6852920624,-2390188756,1576696200,1128901474,447794726,35203127781,34110587961,1092539820
2015-08-03,974771160,1562957180,-588186020,4209591340,5602795365,-1393204025,1249406238,996849861,252556377,22027672521,26752287111,-4724614590
2015-08-04,1654292470,1609736023,44556447,8146841619,6541626168,1605215451,1422066200,1042979328,379086872,30605396917,27418990086,3186406831
2015-08-05,1559624620,1104623028,455001592,6398534191,4490340053,1908194138,1934097384,1505298094,428799290,26938161925,26505545400,432616525
2015-08-06,1272827640,1063534508,209293132,5150057630,6997941877,-1847884247,1730268260,1474385680,255882580,25349183344,28194629107,-2845445763
2015-08-07,879733180,1320279704,-440546524,5292931990,4267279075,1025652915,1286339670,903954870,382384800,22720815233,23598779263,-877964030
2015-08-10,1147022810,1174509318,-27486508,6428610285,4775694718,1652915567,1591706049,1050831873,540874176,18650368671,20020885690,-1370517019
2015-08-11,949417820,2465590076,-1516172256,5715092265,7108057937,-1392965672,1710594300,1303147550,407446750,29304123840,32291305722,-2987181882
2015-08-12,1562130710,1109773117,452357593,6031810300,6624399067,-592588767,1202924690,1622849050,-419924360,23404973098,32173143451,-8768170353
2015-08-13,996686930,854022150,142664780,6323551210,6564754989,-241203779,1194060140,1315260229,-121200089,26810312950,28204786006,-1394473056
2015-08-14,1020919560,1113943522,-93023962,4777735925,4642004794,135731131,1152777770,891309090,261468680,20481160977,22732532924,-2251371947
2015-08-17,643656430,890012607,-246356177,3726285740,5765857320,-2039571580,980086880,758816850,221270030,19453296894,21523024129,-2069727235
2015-08-18,679316140,1330528798,-651212658,4360363655,4894254428,-533890773,1028618830,1208667682,-180048852,23939840602,24068380473,-128539871
2015-08-19,1491922230,1603427507,-111505277,5931385790,8066296731,-2134910941,1042543760,1489194033,-446650273,27995500833,34058324303,-6062823470
2015-08-20,1002194420,1169565374,-167370954,5324809423,5214987647,109821776,1329473830,1218248675,111225155,26454647791,32143082026,-5688434235
2015-08-21,752659070,840005256,-87346186,5079239789,6927392357,-1848152568,1139487417,1792676780,-653189363,28354075969,35643384071,-7289308102
2015-08-24,1953892660,2038036467,-84143807,8586855928,10261665959,-1674810031,1156894300,1727576686,-570682386,39217296673,45813185050,-6595888377
2015-08-25,1065114380,1401691310,-336576930,7713511095,6982752184,730758911,1867971191,1296024780,571946411,44275286412,40122154200,4153132212
2015-08-26,836491810,1006110003,-169618193,6447558000,8645717113,-2198159113,1800782001,1513092568,287689433,32569452866,41726824121,-9157371255
2015-08-27,1337431640,1109996776,227434864,5791604540,7790828029,-1999223489,1387026297,831446673,555579624,33361523395,39837758284,-6476234889
2015-08-28,1487561790,1052485492,435076298,6404455450,6390054609,14400841,998948799,1043104000,-44155201,32504933918,28294511936,4210421982
2015-08-31,805688600,738794469,66894131,5423576000,6563033689,-1139457689,629463450,1057960001,-428496551,42181766670,42543409946,-361643276
2015-09-01,1015122720,960106410,55016310,8008258880,7865292597,142966283,880570020,1136098997,-255528977,23310468117,28703568121,-5393100004
2015-09-02,1136266510,778551645,357714865,10416083131,6795893556,3620189575,1166867050,1165460410,1406640,25984944005,25886869179,98074826
2015-09-03,1047368000,1057593560,-10225560,4063908250,6987011365,-2923103115,1607326400,1039977556,567348844,23575710903,20117077731,3458633172
2015-09-04,1012563140,835297970,177265170,3853820490,5736974445,-1883153955,933859733,1414133941,-480274208,18120350584,21865998506,-3745647922
2015-09-07,958603980,811787292,146816688,6853642040,6049466112,804175928,753883850,1508855203,-754971353,16327821971,18439132662,-2111310691
2015-09-08,976637210,830450307,146186903,4858793774,5360634883,-501841109,842037060,1269238502,-427201442,12382715256,15582342791,-3199627535
2015-09-09,1420235200,1147165364,273069836,9963788165,6050138966,3913649199,1535257500,684107449,851150051,41641379733,20258622633,21382757100
2015-09-10,1210122040,689564164,520557876,6168376604,6977046262,-808669658,680167790,948139150,-267971360,24244182173,22219827985,2024354188
2015-09-11,942659740,609136142,333523598,5250274674,5983431740,-733157066,950095060,1091918016,-141822956,18724956606,19208779812,-483823206
2015-09-14,876573110,805614393,70958717,5489329320,6962654088,-1473324768,673801222,887852583,-214051361,18351657043,17068666953,1282990090
2015-09-15,731236574,557122688,174113886,4826606338,4756137077,70469261,734564940,913548269,-178983329,17492869596,19111785773,-1618916177
2015-09-16,1070923290,950587690,120335600,5513391003,6848400035,-1335009032,984297900,1610791673,-626493773,25612994651,21579596913,4033397738
2015-09-17,1093758300,959282998,134475302,7703645764,5403046155,2300599609,1098735390,1279860694,-181125304,36574853249,24690304938,11884548311
2015-09-18,932992250,872335877,60656373,4876437110,6635686586,-1759249476,3194369870,3737961959,-543592089,33565646794,30262575169,3303071625
2015-09-21,955800628,889690003,66110625,3817945855,6405316608,-2587370753,1236181220,1920221948,-684040728,17865471484,28860649876,-10995178392
2015-09-22,678502312,551722518,126779794,5154119835,3872081716,1282038119,763426538,1194433751,-431007213,17812402850,17082796841,729606009
2015-09-23,855575060,622398592,233176468,3836818280,6549579126,-2712760846,552407900,847487585,-295079685,15195973694,30880055098,-15684081404
2015-09-24,1080113510,933774343,146339167,4294637560,5894639695,-1600002135,519205760,915716463,-396510703,18674467193,25977346257,-7302879064
2015-09-25,1018143950,803126141,215017809,5010414550,5231115103,-220700553,817499470,871088456,-53588986,18681706555,22239514667,-3557808112
2015-09-30,918825694,843291869,75533825,4809108418,5065835319,-256726901,824323720,1095126601,-270802881,48139782576,48448942321,-309159745
2015-10-01,1052445880,929435254,123010626,5544089408,4344624405,1199465003,1452955117,1638952625,-185997508,30378382104,27139111896,3239270208
2015-10-02,889956774,570961794,318994980,3878571920,3973444224,-94872304,964788550,795082956,169705594,22041432457,23048752298,-1007319841
2015-10-05,1168604870,784154077,384450793,4236211201,3695027477,541183724,1899529120,1328063053,571466067,21341305403,24297284054,-2955978651
2015-10-06,1287681501,972692837,314988664,4791636880,5493579659,-701942779,1794631040,1229714171,564916869,30856761088,28300405194,2556355894
2015-10-07,1275620040,959412677,316207363,5891471766,5307875796,583595970,1471120450,1215744408,255376042,29512496722,23959382360,5553114362
2015-10-08,1117118852,1274830626,-157711774,5324782200,7763544126,-2438761926,1399168230,2087849179,-688680949,24943019375,23455912346,1487107029
2015-10-12,1172156999,979265723,192891276,7538048126,6206977495,1331070631,1470902570,1031620336,439282234,41395596673,31732782468,9662814205
2015-10-13,928270854,615525419,312745435,5723122840,7422291173,-1699168333,1178709780,924358328,254351452,29549426683,27163539849,2385886834
2015-10-14,816035379,634377340,181658039,5586281715,5732568118,-146286403,1325822870,1044639238,281183632,26605464428,28291424820,-1685960392
2015-10-15,1022258305,695927551,326330754,5947435188,6637102798,-689667610,1393588550,1164349581,229238969,35250706425,24111871803,11138834622
2015-10-16,1377689560,1152700490,224989070,5391422364,5729338551,-337916187,1094761250,1003437745,91323505,33885942508,29087986646,4797955862
2015-10-19,844028247,781822340,62205907,5584834890,5790291997,-205457107,1259112600,1136991098,122121502,24313113572,18408440548,5904673024
2015-10-20,831596570,853132143,-21535573,4217764219,5520087322,-1302323103,1342430051,1871198118,-528768067,26657478541,21545444450,5112034091
2015-10-21,1263205989,1200102149,63103840,8067281180,5902135702,2165145478,897728297,1123554587,-225826290,23725133368,19718892219,4006241149
2015-10-22,864357867,827831308,36526559,5270053126,5871552668,-601499542,904665490,903767810,897680,19531373448,17240093573,2291279875
2015-10-23,1218297600,937011533,281286067,5815651250,5986781091,-171129841,1763720390,1240891574,522828816,29507047582,19453872571,10053175011
2015-10-26,1084820480,1018231183,66589297,5386456537,4953732981,432723556,1320411830,874128241,446283589,26727624571,15467536672,11260087899
2015-10-27,907914720,999869562,-91954842,4869558483,7666050071,-2796491588,1001294800,1539586587,-538291787,23078251316,23311321626,-233070310
2015-10-28,1005810500,1029443797,-23633297,5128362550,4853742538,274620012,1511618350,1166392590,345225760,19355563537,20610852193,-1255288656
2015-10-29,993742210,1150666895,-156924685,4427886510,6671213389,-2243326879,1146349790,1258776987,-112427197,18191550201,23787363978,-5595813777
2015-10-30,781275930,1009431333,-228155403,5480546502,5070231221,410315281,787110780,1278887894,-491777114,25175843618,25573710148,-397866530
2015-11-02,751200410,684442049,66758361,5985656723,5304295377,681361346,916890540,1298310362,-381419822,22651706223,18769562118,3882144105
2015-11-03,998374114,1251109481,-252735367,6091317722,6602963463,-511645741,1272536646,1490212637,-217675991,32099370531,21515341774,10584028757
2015-11-04,1547509470,1461435635,86073835,9358082475,8427816345,930266130,1846337200,807399740,1038937460,46480093052,24708000911,21772092141
2015-11-05,1323252170,940173240,383078930,14005526246,7192391051,6813135195,1103825480,1078970198,24855282,24172747671,19636251402,4536496269
2015-11-06,1399384230,1455258529,-55874299,7086788630,8533897095,-1447108465,1093410830,2044463067,-951052237,23742130436,38411418543,-14669288107
2015-11-09,761832720,1714843588,-953010868,10039054595,7840527535,2198527060,1009458800,2278930573,-1269471773,18994841413,21850280750,-2855439337
2015-11-10,851228170,993413395,-142185225,6385450095,7165822855,-780372760,915478450,1449739108,-534260658,18550780220,30369340504,-11818560284
2015-11-11,1003086928,1488760381,-485673453,5855455555,9174065316,-3318609761,1282285030,1790874183,-508589153,17682829805,30039479744,-12356649939
2015-11-12,977049927,1190859623,-213809696,6048211250,8243280695,-2195069445,467027116,1178506022,-711478906,16516470649,23015307942,-6498837293
2015-11-13,947429950,731458620,215971330,5666308480,6121871657,-455563177,677561260,748522564,-70961304,16677966282,28284751624,-11606785342
2015-11-16,907984620,947443248,-39458628,5500327275,5484968834,15358441,895989650,1079598334,-183608684,17906719921,27324383394,-9417663473
2015-11-17,1140016670,1115601135,24415535,6313616961,5761848258,551768703,1341441130,1150682593,190758537,22452606637,21123965550,1328641087
2015-11-18,1097024090,827412187,269611903,5039091095,7464134820,-2425043725,1151709013,1284879988,-133170975,20748015550,27967975925,-7219960375
2015-11-19,1026126180,895739870,130386310,5397256995,5932692420,-535435425,1483585720,1606317104,-122731384,21624918300,18834528856,2790389444
2015-11-20,897729251,937003466,-39274215,4809227220,4428834050,380393170,1360043850,1385208592,-25164742,18861908299,17684447149,1177461150
2015-11-23,750905520,687435230,63470290,4451029570,4339584671,111444899,812875150,1135321769,-322446619,19237545757,16297937655,2939608102
2015-11-24,844250460,904786929,-60536469,4389695433,6858212892,-2468517459,973618750,1307640259,-334021509,20914759750,22001796950,-1087037200
2015-11-25,657690400,667042910,-9352510,4667928551,4778764038,-110835487,756171900,1085579196,-329407296,20605101836,22285525476,-1680423640
2015-11-26,1042996800,688445210,354551590,5439319840,4786768058,652551782,1178109750,1307902605,-129792855,25678423403,16059228189,9619195214
2015-11-27,589256240,742740153,-153483913,3701641060,6038121026,-2336479966,616209700,1033794706,-417585006,14768084520,18070269937,-3302185417
2015-11-30,856324520,935362426,-79037906,4709084463,6866356155,-2157271692,656408870,1245115688,-588706818,64635868195,83927061461,-19291193266
2015-12-01,973873940,790413629,183460311,5339871520,4508424464,831447056,742294058,984110365,-241816307,35184446074,26654015840,8530430234
2015-12-02,1284017850,892089567,391928283,7008344356,5375579842,1632764514,1049153850,1676285155,-627131305,23523542901,23051553172,471989729
2015-12-03,1032865470,805772378,227093092,7256383210,5285934945,1970448265,737284790,1420606837,-683322047,20382782596,20568299670,-185517074
2015-12-04,950851270,758003071,192848199,5290619132,6485796317,-1195177185,840969750,1144199263,-303229513,18250873991,27889004016,-9638130025
2015-12-07,989671660,1072905650,-83233990,5758225606,5855886041,-97660435,1497981600,1115918065,382063535,24518567519,18361691057,6156876462
2015-12-08,702102220,952959984,-250857764,4126017080,5771412673,-1645395593,1156870750,1365705236,-208834486,18448463916,29882434116,-11433970200
2015-12-09,969743480,1110965279,-141221799,4721837582,4740497323,-18659741,832095790,1592904545,-760808755,18008549920,26944210383,-8935660463
2015-12-10,854073200,1141906500,-287833300,4778804890,5421797290,-642992400,834360863,1136185690,-301824827,22345728141,34191047920,-11845319779
2015-12-11,467982720,870530952,-402548232,4268179910,6671760340,-2403580430,1485660100,1368710782,116949318,22775352044,31370063609,-8594711565
2015-12-14,544769270,869894174,-325124904,4717769955,4222410367,495359588,1158076452,1310086295,-152009843,20637335587,26048670474,-5411334887
2015-12-15,819038200,767831095,51207105,4758263850,3605522376,1152741474,939480250,1540655797,-601175547,19511443844,25026113944,-5514670100
2015-12-16,1299732470,1052344856,247387614,4758690430,4735591304,23099126,1275416580,1686706258,-411289678,28306784962,24194433737,4112351225
2015-12-17,1203923640,984373440,219550200,7033458630,4220327696,2813130934,1610832340,1126485792,484346548,29369029520,21894345889,7474683631
2015-12-18,912648960,687801776,224847184,6066454330,4750362360,1316091970,1565367930,1473511329,91856601,29541325261,28495494206,1045831055
2015-12-21,741758580,825299553,-83540973,7887363418,4772228210,3115135208,1282145920,1702061788,-419915868,18633389579,20300974586,-1667585007
2015-12-22,972552540,765368580,207183960,4784787110,5920390834,-1135603724,1324137030,1126955770,197181260,19560458141,18003816739,1556641402
2015-12-23,1191492690,664390300,527102390,5602215116,4871629335,730585781,1171322710,977710191,193612519,17345254972,13538747760,3806507212
2015-12-24,694172090,779653760,-85481670,4072838160,4864556686,-791718526,1136278150,903914143,232364007,11695066152,8688525436,3006540716
2015-12-25,523232270,433460698,89771572,2777954800,2342115518,435839282,854726460,641747758,212978702,6117823377,4031135081,2086688296
2015-12-28,578050020,438437090,139612930,2718636400,3760174162,-1041537762,1019288860,863935382,155353478,10706096654,9175052281,1531044373
2015-12-29,573144090,599271221,-26127131,3200276790,4033749702,-833472912,920914710,1053348886,-132434176,11526529097,12515445650,-988916553
2015-12-30,702457990,545360786,157097204,3268631162,4739929246,-1471298084,600829720,1431264007,-830434287,10192728183,13673636430,-3480908247
2015-12-31,759148820,846673200,-87524380,2730271630,2475321337,254950293,1166902280,2632074440,-1465172160,11164248017,10711605855,452642162
2016-01-04,1276534200,836604040,439930160,4249438590,7824711143,-3575272553,1405709090,1791220919,-385511829,14585742749,28522582827,-13936840078
2016-01-05,1108318390,886753423,221564967,5344430350,6065789253,-721358903,1936395120,2021979426,-85584306,20673638314,24879842919,-4206204605
2016-01-06,1447543810,1027219545,420324265,5055657170,6235334736,-1179677566,1240896110,2342452131,-1101556021,24511280226,29395070263,-4883790037
2016-01-07,1768440730,1592251372,176189358,7153807084,8396696658,-1242889574,1030411010,1668642245,-638231235,27247692617,39290786915,-12043094298
2016-01-08,1133886920,1170065940,-36179020,7932795320,5735241175,2197554145,887441080,1258995242,-371554162,28725408762,33661740454,-4936331692
2016-01-11,1049268470,1018701720,30566750,4022737030,6723537772,-2700800742,1590892500,1459505544,131386956,22832025103,32671136139,-9839111036
2016-01-12,1026801020,1581378505,-554577485,4880014670,6405478792,-1525464122,1780218900,1055485865,724733035,22814489457,26000602857,-3186113400
2016-01-13,654724190,1179338200,-524614010,4592655640,5339293473,-746637833,763855500,788404135,-24548635,27017823458,25868276133,1149547325
2016-01-14,1081731220,1176182599,-94451379,4462952178,5802801517,-1339849339,909166970,1162316202,-253149232,22163458233,25905242334,-3741784101
2016-01-15,1237112600,1398418460,-161305860,3992169854,6344482392,-2352312538,1415129570,1401201208,13928362,26004256585,33245070167,-7240813582
2016-01-18,1475557970,1108067041,367490929,5983782575,4443235803,1540546772,1535186740,1773523293,-238336553,22263260934,25086497275,-2823236341
2016-01-19,1585989550,807317450,778672100,6154940090,5236010251,918929839,1477301230,1543634653,-66333423,15681123627,20820319470,-5139195843
2016-01-20,1677878080,1484814969,193063111,4715070000,8279093956,-3564023956,1508242450,1516925076,-8682626,23105600554,31015810199,-7910209645
2016-01-21,1155238940,1201235340,-45996400,4768474365,5816978414,-1048504049,1499518790,1143246615,356272175,21018688973,23441098902,-2422409929
2016-01-22,1043321360,1174064720,-130743360,4146583118,6258420161,-2111837043,863360680,1067339786,-203979106,22662545583,21006197456,1656348127
2016-01-25,1193071340,684633370,508437970,4905815080,4229026772,676788308,1375236010,977969880,397266130,22996787099,17076833598,5919953501
2016-01-26,954802080,708900780,245901300,3423653080,4669541659,-1245888579,956162230,797363767,158798463,18088751130,22706563680,-4617812550
2016-01-27,1006515620,659904240,346611380,4778493685,6756066403,-1977572718,800734820,1086261972,-285527152,19752187035,19897951808,-145764773
2016-01-28,1156045370,990411320,165634050,5109434909,4718919767,390515142,1421984310,1641091778,-219107468,29136242526,24132071495,5004171031
2016-01-29,1854598500,1492654252,361944248,8624905398,6373461548,2251443850,1935799530,1454027766,481771764,45168920548,33821727155,11347193393
2016-01-30,1297924850,1003407350,294517500,4388475433,3182137797,1206337636,2100915390,1548870259,552045131,4101559050,1588726966,2512832084
2016-02-01,1034716300,994075573,40640727,4074246476,7265002801,-3190756325,1074125840,1289872372,-215746532,29395829317,22561584090,6834245227
2016-02-02,880616270,802047402,78568868,3980186393,3676836946,303349447,773017670,1319417626,-546399956,27106844734,23046723730,4060121004
2016-02-03,919436240,1113199130,-193762890,2595575108,4920108303,-2324533195,608596900,961746392,-353149492,26135446396,27888393400,-1752947004
2016-02-15,1297710140,833147710,464562430,4375046740,4597444383,-222397643,754884299,1537368641,-782484342,36953143753,40008167272,-3055023519
2016-02-16,1805507270,938622207,866885063,6254670762,5198502838,1056167924,1207399218,1073183184,134216034,34259620878,25194522960,9065097918
2016-02-17,1760491350,968517330,791974020,6071257279,7044047647,-972790368,1328772090,1063638022,265134068,25369279975,23064240992,2305038983
2016-02-18,1435034700,960556574,474478126,5300157120,5556058495,-255901375,1339818065,1047760239,292057826,35834881811,25152638689,10682243122
2016-02-19,1274418790,931824120,342594670,3773048690,4773883450,-1000834760,914942970,1294610246,-379667276,23586092993,21096634176,2489458817
2016-02-22,1071070160,1134033630,-62963470,5488546630,5357400262,131146368,783878300,774797461,9080839,19816481546,17065244215,2751237331
2016-02-23,1082320540,1137988950,-55668410,3766784290,5392574735,-1625790445,1077672070,1080633664,-2961594,19460484919,18226454572,1234030347
2016-02-24,954507750,1206956893,-252449143,3735982483,5812857643,-2076875160,1130688200,1781921904,-651233704,18845600741,19557224669,-711623928
2016-02-25,1004088560,1107245580,-103157020,5259186420,6408557115,-1149370695,990525740,893278573,97247167,25013992185,17498333583,7515658602
2016-02-26,1246898408,963479340,283419068,4038044330,5274549847,-1236505517,1415393750,1010356755,405036995,31802937436,22662409532,9140527904
2016-03-01,1442851360,879784920,563066440,4644833070,5496700230,-851867160,1430372200,1309929140,120443060,30667168579,27334465867,3332702712
2016-03-02,1681528370,1277984900,403543470,7183967760,5523655594,1660312166,1256726781,1272012487,-15285706,27615977035,19936472109,7679504926
2016-03-03,1071235751,1261687497,-190451746,5124670430,6680993759,-1556323329,933978280,1312582187,-378603907,34416975535,19946590544,14470384991
2016-03-04,1005427880,1082334430,-76906550,6747558408,5498760000,1248798408,1371292470,1344417977,26874493,29162459593,22535493849,6626965744
2016-03-07,1194315220,1409176189,-214860969,5541875269,6460459315,-918584046,1402890792,1648669267,-245778475,25374846883,19433061337,5941785546
2016-03-08,1466276930,1374123490,92153440,6199519800,7919591254,-1720071454,1604120970,2028569189,-424448219,29312562577,24446405749,4866156828
2016-03-09,1065188620,1155393120,-90204500,5040777570,5129957440,-89179870,1115809063,1788842216,-673033153,23534318648,20670767534,2863551114
2016-03-10,1012532330,803747340,208784990,5476124750,4454862710,1021262040,1329274190,1287385213,41888977,24397199063,16742583335,7654615728
2016-03-11,936140000,864898334,71241666,4616620750,6456161133,-1839540383,1233041260,1113605034,119436226,28080619636,16642355001,11438264635
2016-03-14,1311100900,1244204870,66896030,6544642538,5405381636,1139260902,1212051110,1157254518,54796592,25255501384,16094479080,9161022304
2016-03-15,1121968540,2056501850,-934533310,4237034750,9168439188,-4931404438,890558523,1568763358,-678204835,28469004249,23964770451,4504233798
2016-03-16,1593658850,1311194350,282464500,8628067401,5947956840,2680110561,974476000,1504964118,-530488118,29643258695,17224543791,12418714904
2016-03-17,1409805680,1645161130,-235355450,6801819035,7958056797,-1156237762,1327368580,1334268920,-6900340,34910949439,20586030619,14324918820
2016-03-18,1236319369,1194160999,42158370,5524747876,6639565830,-1114817954,2797432210,2850015164,-52582954,54444187170,37114999082,17329188088
2016-03-21,1082849675,898761739,184087936,5638745230,6164997669,-526252439,1026074470,1010221734,15852736,24407246278,19875778547,4531467731
2016-03-22,1071551030,1398150400,-326599370,4198096760,7229842712,-3031745952,680833480,1330717469,-649883989,26238535940,22575561836,3662974104
2016-03-23,895135660,1204803190,-309667530,3695736820,5946020852,-2250284032,587474290,928402849,-340928559,25952919288,22450048962,3502870326
2016-03-24,839153813,864902760,-25748947,4653030687,5276206984,-623176297,551636160,1170498622,-618862462,23173717773,20769387128,2404330645
2016-03-25,728230590,914647455,-186416865,3182970190,3321890579,-138920389,912683040,1277344054,-364661014,9834777046,13487480465,-3652703419
2016-03-28,909335477,873085560,36249917,3407347210,4263911288,-856564078,1078000930,2051097147,-973096217,14940261587,12073475531,2866786056
2016-03-29,864183863,1646029469,-781845606,3965986010,5711896246,-1745910236,872572280,1555010405,-682438125,21065745858,17214254505,3851491353
2016-03-30,1441603880,1020861573,420742307,4743873667,5452230464,-708356797,864756330,1337779225,-473022895,36385212245,21663829514,14721382731
2016-03-31,1297861740,1001402342,296459398,4483492620,5650880979,-1167388359,721809950,855696028,-133886078,41148398938,35583790529,5564608409
2016-04-01,669176210,1081425351,-412249141,4104356715,4670424417,-566067702,497116100,739434469,-242318369,23363083127,27892620081,-4529536954
2016-04-06,1451898850,1427569223,24329627,5427092700,4196904787,1230187913,798324030,1322840841,-524516811,37858814955,44633058980,-6774244025
2016-04-07,1115449540,1334703700,-219254160,4340775145,5918682330,-1577907185,689367500,1542468046,-853100546,24773776730,30985774274,-6211997544
2016-04-08,901876689,945515619,-43638930,3871719700,5130198333,-1258478633,730412180,1579492532,-849080352,26213991233,26889608584,-675617351
2016-04-11,964854094,921978539,42875555,5421573030,4415535379,1006037651,912363810,1230646061,-318282251,19171209448,19437234048,-266024600
2016-04-12,900957234,1585641187,-684683953,3899279902,5784608256,-1885328354,879207904,1824176099,-944968195,22024868923,23207847575,-1182978652
2016-04-13,1207157610,1156452441,50705169,7698907610,6100730177,1598177433,1158240850,1179105267,-20864417,37759182375,21307691128,16451491247
2016-04-14,1310313119,829477340,480835779,4475534820,6496737404,-2021202584,1074637260,880029400,194607860,28242446187,21752588093,6489858094
2016-04-15,1316406700,818389200,498017500,3704795180,5182188328,-1477393148,1205588990,1719319318,-513730328,29243252001,21527630301,7715621700
2016-04-18,823794430,877673570,-53879140,3749050070,4630237665,-881187595,1209762470,1184086505,25675965,18147549907,17540098296,607451611
2016-04-19,1135812930,1147443304,-11630374,4376123060,5597713108,-1221590048,1116703810,1513767346,-397063536,23956563806,24458612314,-502048508
2016-04-20,1298285400,1434097207,-135811807,6175655920,6922115122,-746459202,978534590,1219417530,-240882940,27807463184,28820833162,-1013369978
2016-04-21,895597290,941956429,-46359139,6397453260,4002641540,2394811720,1174423780,1425018700,-250594920,23585575785,16225008899,7360566886
2016-04-22,752169390,1331076620,-578907230,4716527030,4164325362,552201668,1015758650,1107764880,-92006230,23906012831,20225664819,3680348012
2016-04-25,603035349,889707173,-286671824,3591834560,3162198740,429635820,1314618778,1088984711,225634067,19278955269,15283001339,3995953930
2016-04-26,664785868,809058060,-144272192,3730580159,3604655820,125924339,676135450,668843270,7292180,23335180380,20251849952,3083330428
2016-04-27,1063325989,833430875,229895114,3962903150,2821097905,1141805245,792289270,700295911,91993359,26226459609,26152670391,73789218
2016-04-28,822547249,1231044901,-408497652,4347255930,5080665084,-733409154,704509410,759054970,-54545560,24725696290,31210194825,-6484498535
2016-04-29,853247168,1168173750,-314926582,3981644715,3090429592,891215123,746873770,1427822677,-680948907,27358841599,33421003678,-6062162079
2016-05-03,960845170,857788020,103057150,5088468910,3508201281,1580267629,731421770,1159127870,-427706100,23452876947,36078690031,-12625813084
2016-05-04,997651225,1038660861,-41009636,4538239390,4861637397,-323398007,845914260,1062756472,-216842212,23716482271,37408455749,-13691973478
2016-05-05,1097866280,974855750,123010530,4810056075,3826838280,983217795,892600860,1516228851,-623627991,19841278914,30565369072,-10724090158
2016-05-06,867689690,1007797090,-140107400,5014698230,4690135010,324563220,1085336500,828951316,256385184,24743513397,38550008997,-13806495600
2016-05-09,617106514,1229438582,-612332068,4636251933,4863154495,-226902562,1282925760,1213908165,69017595,21292025683,28503107912,-7211082229
2016-05-10,1100170600,1370492708,-270322108,6111508010,3761813746,2349694264,1055107668,691093806,364013862,22972925862,26916006740,-3943080878
2016-05-11,1042956910,1266373748,-223416838,5234375270,4350033097,884342173,1495989567,769827760,726161807,23260122411,33365174961,-10105052550
2016-05-12,918280060,1149326502,-231046442,4633687670,3933412710,700274960,890007935,808481716,81526219,20052905031,23342580800,-3289675769
2016-05-13,1215649070,1310884392,-95235322,5301378840,3921412785,1379966055,1005155543,943424480,61731063,26182834971,40272619865,-14089784894
2016-05-16,981909250,694955828,286953422,3771004020,2814670920,956333100,858167270,598185640,259981630,21084217270,24055560629,-2971343359
2016-05-17,1133126670,782504480,350622190,3684882830,3823720878,-138838048,1110170590,870101505,240069085,19667424439,24699726862,-5032302423
2016-05-18,1000985790,730584680,270401110,3785036025,4257791837,-472755812,649415870,869704912,-220289042,24307052846,26718454007,-2411401161
2016-05-19,661795060,676763310,-14968250,4023866615,3271612020,752254595,415780590,958663505,-542882915,18709636479,27109054727,-8399418248
2016-05-20,747822530,942970399,-195147869,3620329300,3701165200,-80835900,793244800,715502418,77742382,20691998374,20787560672,-95562298
2016-05-23,1875035020,1418439040,456595980,6624213275,4389100696,2235112579,2029872810,763494090,1266378720,30880847671,22395429893,8485417778
2016-05-24,857457340,746147790,111309550,3200162050,4160113950,-959951900,1175962380,892393398,283568982,21190278214,22245590723,-1055312509
2016-05-25,1114606320,1158317290,-43710970,5048380950,3740404910,1307976040,1385636360,1180902069,204734291,26058820074,22721269545,3337550529
2016-05-26,795378370,736435767,58942603,3900702730,3954534576,-53831846,895170980,799945063,95225917,19921484491,18263848299,1657636192
2016-05-27,1212371644,670484504,541887140,3283509095,3868853031,-585343936,1077468740,771829812,305638928,25163728654,20592221628,4571507026
2016-05-30,1396200100,1310530269,85669831,4594813010,3897145619,697667391,735328000,980455720,-245127720,29895525107,15980676536,13914848571
2016-05-31,911511890,1576687680,-665175790,6536077020,4816791931,1719285089,941536560,1154222632,-212686072,59975312877,56419040620,3556272257
2016-06-01,1294752950,795599821,499153129,4098778030,5965527016,-1866748986,732220410,1037151029,-304930619,26493701470,17033059993,9460641477
2016-06-02,1302761510,933230340,369531170,3501536810,6766237410,-3264700600,893268570,1166211158,-272942588,26994128005,20247498399,6746629606
2016-06-03,742307610,1072952870,-330645260,2991227840,4551296061,-1560068221,491346790,843273042,-351926252,23663375994,14698171815,8965204179
2016-06-04,592653830,263072260,329581570,1910769950,2244501470,-333731520,463422970,1297859230,-834436260,1185737009,621518830,564218179
2016-06-06,813395710,703158068,110237642,2990214166,4692167272,-1701953106,687352470,808912551,-121560081,22005796148,16924235110,5081561038
2016-06-07,1478507060,920030170,558476890,3592184283,6654605579,-3062421296,704057290,778615578,-74558288,38024048749,23015540896,15008507853
2016-06-08,1021302670,883654160,137648510,3419396010,5928092408,-2508696398,784710090,694676170,90033920,38033243563,25086760191,12946483372
2016-06-13,1269228500,1277183278,-7954778,3463434330,3901147973,-437713643,598130700,1149646964,-551516264,30729119614,36172632074,-5443512460
2016-06-14,1013940520,698022629,315917891,3421598620,3809004331,-387405711,289808750,729339915,-439531165,23482228155,20612733557,2869494598
2016-06-15,1585985910,2144371429,-558385519,4613393995,6658235538,-2044841543,732207130,1283101106,-550893976,25077750735,20953604067,4124146668
2016-06-16,1268907610,1158600270,110307340,3777533893,4580180114,-802646221,897282200,1267020928,-369738728,21017302053,29614664696,-8597362643
2016-06-17,1043350270,1043356030,-5760,3293190775,4426860125,-1133669350,1260960860,1665823543,-404862683,31637815199,25714218947,5923596252
2016-06-20,1304275340,674559840,629715500,3582324386,3991198502,-408874116,873185240,895836557,-22651317,20361370243,16094051020,4267319223
2016-06-21,1123159140,567591900,555567240,4673840838,4553044930,120795908,1065089800,823123130,241966670,25475561275,17668029168,7807532107
2016-06-22,1067603490,647776757,419826733,4065062405,4549918160,-484855755,1286250450,1009694908,276555542,25012933078,19744394249,5268538829
2016-06-23,1131356520,668029910,463326610,2824961306,4205855040,-1380893734,912679590,623348857,289330733,18650689092,15190753932,3459935160
2016-06-24,2939396610,2153944720,785451890,8397101280,10562695308,-2165594028,919062050,1121165458,-202103408,27078401258,40101852932,-13023451674
2016-06-27,771920870,1280910340,-508989470,4164762342,3795346028,369416314,960924640,1090984116,-130059476,16286401081,17697797709,-1411396628
2016-06-28,1129528180,801099450,328428730,4526279036,4434925583,91353453,1172982030,1123526767,49455263,22609491082,20928316095,1681174987
2016-06-29,1260514850,871532356,388982494,5412015260,5273528573,138486687,1484564620,623390954,861173666,23500404032,17185231739,6315172293
2016-06-30,1097773143,1496919372,-399146229,5455446723,6891326400,-1435879677,1467890680,980227580,487663100,35662764291,25542352679,10120411612
2016-07-01,1629619254,884616900,745002354,3980648170,7282047770,-3301399600,937330600,921360548,15970052,29335905954,16716774768,12619131186
2016-07-04,1284757160,633392130,651365030,5960374236,5089072224,871302012,1057747800,904656736,153091064,20268655052,14046261242,6222393810
2016-07-05,1210402870,553410545,656992325,3193666769,4018823281,-825156512,750917120,1050081125,-299164005,16129396621,16546675463,-417278842
2016-07-06,1291960670,773160560,518800110,4263598503,5159298674,-895700171,737050750,1118864321,-381813571,16829272679,31579634189,-14750361510
2016-07-07,899475010,815532567,83942443,3021426363,3495631797,-474205434,619241750,733094483,-113852733,18677802561,16277898069,2399904492
2016-07-11,1522333040,1826963010,-304629970,6071661387,6100176212,-28514825,1156907690,701537450,455370240,39758135303,25194315566,14563819737
2016-07-12,1482107840,1146898844,335208996,5301668995,6419054691,-1117385696,1558031700,1202080565,355951135,36623925290,24170074163,12453851127
2016-07-13,1471830460,1469549570,2280890,6496186492,5601342271,894844221,1088162660,754052500,334110160,37270727995,27861885636,9408842359
2016-07-14,1288922440,1085535630,203386810,4575097920,5874751149,-1299653229,1244746710,1088967396,155779314,29563576284,22494403983,7069172301
2016-07-15,1465125200,921583670,543541530,4953264780,6035927166,-1082662386,1208588498,865450705,343137793,39443254050,24469549469,14973704581
2016-07-18,1609101080,1033822800,575278280,5301074708,5592033367,-290958659,1182772400,1321986290,-139213890,32584999520,17765210402,14819789118
2016-07-19,1332493920,1344962850,-12468930,4967161892,5833982692,-866820800,1212681500,1573523620,-360842120,38569828624,21367386411,17202442213
2016-07-20,1862748990,1806954320,55794670,4444052206,5077979915,-633927709,1023997050,1474918711,-450921661,37932355658,25214209488,12718146170
2016-07-21,1895466930,1221924264,673542666,5202026921,4890385509,311641412,1091211900,1157194945,-65983045,37677423774,21651865200,16025558574
2016-07-22,1039863110,848577062,191286048,3482078630,5290435984,-1808357354,1148201500,1037553154,110648346,27805733022,22627086288,5178646734
2016-07-25,944720336,1441123030,-496402694,3849510900,4658567621,-809056721,1430543130,923140645,507402485,23226247839,17338201691,5888046148
2016-07-26,855370820,934716190,-79345370,5056861296,4656097355,400763941,930879080,1026055022,-95175942,30220048035,18371953002,11848095033
2016-07-27,1155275130,1033304914,121970216,6281651537,7243914841,-962263304,1168464170,1121717910,46746260,31550899084,20461548329,11089350755
2016-07-28,1063319990,1206366875,-143046885,4835204616,5884609240,-1049404624,1160333754,1375376997,-215043243,31778462877,22085409556,9693053321
2016-07-29,1379129220,991135228,387993992,4217495640,5364160094,-1146664454,976022676,1219795959,-243773283,26042790607,27363900434,-1321109827
2016-08-01,1080070920,1497536485,-417465565,4123724718,5238698756,-1114974038,1205828669,814983836,390844833,31442838676,18865359974,12577478702
2016-08-02,1205306510,991637000,213669510,3691487558,4765081466,-1073593908,1138656086,1460791140,-322135054,21043754323,17487984947,3555769376
2016-08-03,1209281720,998519760,210761960,4002706525,4527293035,-524586510,976116220,1307571320,-331455100,18836061488,21392644036,-2556582548
2016-08-04,1299533120,1541780245,-242247125,3532520070,5469841081,-1937321011,1003776690,1227157258,-223380568,19924201135,18179074738,1745126397
2016-08-05,1140100040,1286616950,-146516910,3701617576,5773348103,-2071730527,904306050,1383295447,-478989397,28577715671,16551264193,12026451478
2016-08-08,961757861,1019070345,-57312484,4470979603,4562468967,-91489364,1193599240,973899800,219699440,23682285405,17982894775,5699390630
2016-08-09,1031870817,1346162324,-314291507,3453122976,5322204732,-1869081756,874813150,1359461940,-484648790,24957871422,18374388835,6583482587
2016-08-10,1074383954,1509623325,-435239371,3784125407,4459344807,-675219400,1188456240,1224487975,-36031735,24901365783,18028565873,6872799910
2016-08-11,1017697932,1664669542,-646971610,4833490114,5780065859,-946575745,994536460,1497222930,-502686470,29392507744,25214132045,4178375699
2016-08-12,1680180865,1019262396,660918469,4095021856,4230973785,-135951929,1203250860,2123112173,-919861313,30835462430,26223906355,4611556075
2016-08-15,811114457,805981050,5133407,6727655538,4536249475,2191406063,876305930,849135580,27170350,22381823631,18919941410,3461882221
2016-08-16,1149926043,940430366,209495677,4307632689,7371213852,-3063581163,1032979590,1089630367,-56650777,25105335791,25500324600,-394988809
2016-08-17,1230330376,2030744964,-800414588,4059075416,6506881455,-2447806039,991480390,1129027400,-137547010,26668537682,23007064700,3661472982
2016-08-18,1101745585,908497575,193248010,4763489490,4741710888,21778602,874845330,961559261,-86713931,25372460289,20769265886,4603194403
2016-08-19,1241761054,1245962495,-4201441,4749316943,5374756189,-625439246,640347630,1655044022,-1014696392,22213625833,26058855264,-3845229431
2016-08-22,890856225,899139296,-8283071,4849880976,3987910415,861970561,591347750,1524288414,-932940664,18313886405,20896054133,-2582167728
2016-08-23,1127496797,696726293,430770504,4934221970,3700371442,1233850528,777321300,1223396773,-446075473,21115802183,21231721514,-115919331
2016-08-24,1036455420,1025371310,11084110,3720737521,4101104213,-380366692,951977150,1037709370,-85732220,15670116537,16018839393,-348722856
2016-08-25,987165303,1133540955,-146375652,4890243356,4998110348,-107866992,1124951590,952887219,172064371,27400617090,19449017775,7951599315
2016-08-26,984334305,627952660,356381645,4263682950,3653473960,610208990,899551668,931928810,-32377142,18841427031,15343651414,3497775617
2016-08-29,968908718,1214650286,-245741568,5385884756,4350970800,1034913956,811086460,1322350073,-511263613,18214369859,18254009760,-39639901
2016-08-30,1158635923,1058344972,100290951,4715180610,4128948640,586231970,1186871850,953083642,233788208,18862487124,17290826592,1571660532
2016-08-31,932842937,1715381937,-782539000,4154700214,4557279202,-402578988,847554435,1084606240,-237051805,32521286024,34201808159,-1680522135
2016-09-01,1311620460,1145492468,166127992,5222941834,4100943034,1121998800,1266629678,1474457605,-207827927,17131780639,25840160048,-8708379409
2016-09-02,680541181,1164781231,-484240050,3311557167,8982797282,-5671240115,948253500,976908476,-28654976,20572519573,20165223925,407295648
2016-09-05,875436514,865405661,10030853,4152390134,4685447107,-533056973,1174414360,825820540,348593820,21065206263,12891212089,8173994174
2016-09-06,1253570905,1114027190,139543715,3920315826,5163421530,-1243105704,868457930,909573063,-41115133,25724021480,16304199934,9419821546
2016-09-07,1602979779,751298379,851681400,4583839578,6059285729,-1475446151,1253507530,730255119,523252411,30032927693,24357810070,5675117623
2016-09-08,1101464775,985995782,115468993,3526191262,4196129518,-669938256,842417090,1024920594,-182503504,26995926719,25193238922,1802687797
2016-09-09,1062546050,1097596570,-35050520,3876170707,3701127918,175042789,805700980,824091482,-18390502,16623741543,24206206429,-7582464886
2016-09-10,822095580,1783352101,-961256521,2105840981,3410465449,-1304624468,575333250,1094878090,-519544840,915450440,6897107512,-5981657072
2016-09-12,1076235456,1466509875,-390274419,4585272878,3762596094,822676784,481489200,1034464738,-552975538,18358326477,33382169048,-15023842571
2016-09-13,1198856077,1134706575,64149502,4075888871,3798666121,277222750,984663746,1355530832,-370867086,24748958124,32109523628,-7360565504
2016-09-14,808731960,1140110222,-331378262,2717884153,2897681729,-179797576,1729624170,1782432007,-52807837,35529173689,42415752971,-6886579282
2016-09-19,1284119296,1341427026,-57307730,4520707269,5238111316,-717404047,905685100,697063321,208621779,44006611575,32884573289,11122038286
2016-09-20,1011831960,1018396511,-6564551,3430508619,4502814181,-1072305562,1062191600,759944174,302247426,23808225698,22867102485,941123213
2016-09-21,1082683650,1414654447,-331970797,3826110478,5596231731,-1770121253,1012456190,1034830435,-22374245,28467700583,21540432345,6927268238
2016-09-22,811040130,1004463213,-193423083,3549611872,4404413612,-854801740,1403519080,1057452906,346066174,20123088409,17945635958,2177452451
2016-09-23,665155986,1041943379,-376787393,2790336389,3278985975,-488649586,763247400,692802836,70444564,24279948246,19514335455,4765612791
2016-09-26,653199040,857609029,-204409989,2334569558,2713552810,-378983252,455653850,599442711,-143788861,16870668281,19925005927,-3054337646
2016-09-29,861137930,1407189001,-546051071,3245812014,4079660270,-833848256,912474200,951210997,-38736797,46194656475,32852892475,13341764000
2016-09-30,870158857,1386550219,-516391362,3559312214,3075485643,483826571,1046572894,1031287030,15285864,26200992361,33872858307,-7671865946
2016-10-03,922461172,820213378,102247794,2565370367,2453260037,112110330,826923100,860843025,-33919925,17321719716,14565958179,2755761537
2016-10-04,926146769,609745152,316401617,2408792827,2582934021,-174141194,502936450,1342843214,-839906764,21751041165,17448310392,4302730773
2016-10-05,921237520,1148012551,-226775031,3185564286,2557202490,628361796,832223700,1093094083,-260870383,19207177438,16911399966,2295777472
2016-10-06,947029080,1340327196,-393298116,3304337769,2756823834,547513935,723588470,947358616,-223770146,18350224215,20130672493,-1780448278
2016-10-07,712203990,929474956,-217270966,2582997417,2602972506,-19975089,1295971950,1084783452,211188498,18025722850,19701857061,-1676134211
2016-10-11,956300410,2029145979,-1072845569,4217252802,3839153685,378099117,939642485,1136174748,-196532263,28136522262,25687027368,2449494894
2016-10-12,796918090,1172612684,-375694594,3691747684,3114233679,577514005,803390450,1036018626,-232628176,22814166779,21406947655,1407219124
2016-10-13,1268286600,1333598543,-65311943,3707003795,3735644717,-28640922,1153621250,1150141720,3479530,26596425167,33161014030,-6564588863
2016-10-14,704925050,1380676292,-675751242,3120753776,2998737282,122016494,740526700,1006619007,-266092307,18068136426,21056106375,-2987969949
2016-10-17,696757980,1190333885,-493575905,4321028805,2964277510,1356751295,846989050,1058064418,-211075368,21261247479,21977713575,-716466096
2016-10-18,811038260,577378346,233659914,3226559872,2888938760,337621112,923177450,954160306,-30982856,25800457623,23044529348,2755928275
2016-10-19,1631183260,1010917349,620265911,3949686093,4284212287,-334526194,1618784700,1109325046,509459654,27211642337,21194945454,6016696883
2016-10-20,1037860129,839932858,197927271,3315611913,3528892456,-213280543,2210614270,1445840991,764773279,17340743887,14560444181,2780299706
2016-10-21,1253224120,1315613734,-62389614,3627217628,3865578589,-238360961,1532363280,1173667382,358695898,28591479631,29658142510,-1066662879
2016-10-24,613594210,505482932,108111278,4723841317,2987659193,1736182124,821939450,520893747,301045703,16066151738,16496463197,-430311459
2016-10-25,940850260,710356510,230493750,4081220213,3909270340,171949873,1124265200,866344706,257920494,20642793479,18062399834,2580393645
2016-10-26,767610630,603536609,164074021,3316849311,3620147089,-303297778,752317630,650827144,101490486,18703717708,21010969833,-2307252125
2016-10-27,890158177,610423015,279735162,3898303844,3792766736,105537108,932019138,764284151,167734987,17115384236,25166047593,-8050663357
2016-10-28,653221890,1026120329,-372898439,2845243116,3161129883,-315886767,758484350,778964248,-20479898,20561228422,21422351087,-861122665
2016-10-31,625925680,708932190,-83006510,3393521889,3585184972,-191663083,404300250,458232436,-53932186,19761488595,22523276715,-2761788120
2016-11-01,472621742,592816168,-120194426,2719741101,2864189613,-144448512,321640510,669325533,-347685023,14225450989,16751128241,-2525677252
2016-11-02,984175053,1119521096,-135346043,3487310397,3530384738,-43074341,401235924,757935411,-356699487,13630045534,18788905924,-5158860390
2016-11-03,762873060,1165674581,-402801521,3174762768,3228253323,-53490555,623473990,1878528093,-1255054103,18002758441,21954374930,-3951616489
2016-11-04,640894378,615219291,25675087,3339652910,3053770708,285882202,733364179,880160092,-146795913,13177130297,17882709366,-4705579069
2016-11-07,1325278533,409227107,916051426,3218249721,3161326477,56923244,1184683850,676336799,508347051,15038544200,18783363122,-3744818922
2016-11-08,969466840,717381110,252085730,3314403437,3735438992,-421035555,1231337220,983947109,247390111,16275463749,14073708367,2201755382
2016-11-09,1717442890,2861212252,-1143769362,8213694539,9858147831,-1644453292,998385970,1361375129,-362989159,22618607116,37041662113,-14423054997
2016-11-10,1994247780,1384879743,609368037,6072965671,3713609624,2359356047,1953675600,1334519585,619156015,25594044100,26018622204,-424578104
2016-11-11,1232577850,1122807980,109769870,6213660728,5327296768,886363960,1253761170,1645498538,-391737368,29178026300,53138120055,-23960093755
2016-11-14,1372744570,1249631642,123112928,6053211199,4854261349,1198949850,1222954510,1507486948,-284532438,25353281016,40194222416,-14840941400
2016-11-15,955175100,882049661,73125439,3819805464,4168459555,-348654091,1298604500,790624568,507979932,22227661385,34759234820,-12531573435
2016-11-16,1410673270,1324765137,85908133,3841654775,3444907585,396747190,1167632950,994913607,172719343,24938768286,33175476581,-8236708295
2016-11-17,831664568,1234325610,-402661042,3161716956,3426858725,-265141769,939506420,699313217,240193203,19256441593,23403425097,-4146983504
2016-11-18,1008688940,716611390,292077550,3510872991,3057679874,453193117,1086962190,630183733,456778457,20073250682,26201854700,-6128604018
2016-11-21,941568050,676816222,264751828,4943352953,2766951897,2176401056,1387523190,908231837,479291353,14779494379,16960724816,-2181230437
2016-11-22,1668131110,1165419638,502711472,5340128744,4224734846,1115393898,1297947590,970165234,327782356,25178343226,20983761893,4194581333
2016-11-23,1233022029,937458602,295563427,4673278213,3920990478,752287735,806053830,750017311,56036519,20902313288,18816202556,2086110732
2016-11-24,853906980,635312811,218594169,3861436547,3416665210,444771337,780663290,566199592,214463698,13278802858,17126983423,-3848180565
2016-11-25,745627760,760703648,-15075888,3878562641,3348490497,530072144,668697390,605883787,62813603,11856332391,11212224171,644108220
2016-11-28,1024729550,1114825219,-90095669,4704932162,4669071122,35861040,991374980,763765638,227609342,20333273855,15830879807,4502394048
2016-11-29,1080243760,967429046,112814714,5202081905,4260112287,941969618,1121733090,831057207,290675883,24734715380,24775225960,-40510580
2016-11-30,853850910,1123593568,-269742658,3947475477,4937616326,-990140849,853387950,645261111,208126839,55983015600,54958416253,1024599347
2016-12-01,1204306889,936672702,267634187,4817510062,4163106229,654403833,944198106,974832748,-30634642,21047290135,20087166955,960123180
2016-12-02,854027609,938645098,-84617489,4033848769,4633319374,-599470605,1186556500,1162256504,24299996,19097464006,29080611444,-9983147438
2016-12-05,711948050,830535260,-118587210,3586813214,3933358405,-346545191,829641210,746644497,82996713,16824127875,22974507793,-6150379918
2016-12-06,993280930,962917150,30363780,3582656337,3382399357,200256980,990996350,834631092,156365258,26562307527,19884429974,6677877553
2016-12-07,1025097510,814210770,210886740,3086678962,3690783296,-604104334,849730300,837170615,12559685,18814251421,16982561457,1831689964
2016-12-08,1446021950,1267620502,178401448,3650604568,4432765881,-782161313,1201095650,867651830,333443820,32396460927,19809559858,12586901069
2016-12-09,910761550,1019040630,-108279080,4616615638,3389000388,1227615250,500970960,570319082,-69348122,27346243939,19165964468,8180279471
2016-12-12,1108305240,1246088730,-137783490,3975553736,4670530417,-694976681,711227650,878226228,-166998578,17011908474,16958289936,53618538
2016-12-13,726679340,752043570,-25364230,3523975637,3518741886,5233751,628814580,582169263,46645317,25454984148,22035918822,3419065326
2016-12-14,770373040,1032579141,-262206101,2858591637,3352656862,-494065225,1028862260,661520549,367341711,19575379701,18842494994,732884707
2016-12-15,854366560,1068840020,-214473460,3972316042,5508584215,-1536268173,496143640,638587149,-142443509,22402869013,20976638047,1426230966
2016-12-16,1269260290,1185072255,84188035,2558390503,3805496960,-1247106457,984051450,661399405,322652045,30754428793,32179520202,-1425091409
2016-12-19,795347450,1008555154,-213207704,2766829685,3294185610,-527355925,607544680,1077842028,-470297348,13117228901,15150105839,-2032876938
2016-12-20,1008499770,1040263859,-31764089,3899964265,3910577207,-10612942,691648350,1107776577,-416128227,15234626832,17154603903,-1919977071
2016-12-21,1991539500,890942590,1100596910,3753840208,3442693849,311146359,1005016300,745453725,259562575,16196812509,21697237846,-5500425337
2016-12-22,772158990,1143002216,-370843226,3502340386,3385586119,116754267,801501880,1013917190,-212415310,11665049134,18954718223,-7289669089
2016-12-23,643263150,1125050795,-481787645,3186476572,2881195162,305281410,411864780,777516539,-365651759,11267336134,17752429968,-6485093834
2016-12-26,381326320,678694887,-297368567,2282252282,2177083868,105168414,380580990,716456889,-335875899,3975165541,5112253083,-1137087542
2016-12-27,462701940,630649243,-167947303,2230372615,1774468114,455904501,643370300,463599347,179770953,5087767310,5743681616,-655914306
2016-12-28,644453320,754045039,-109591719,2642505909,2886322524,-243816615,798133150,600860666,197272484,12845321759,9409754601,3435567158
2016-12-29,766039380,643062180,122977200,2386433450,2405451322,-19017872,637784220,726292886,-88508666,14575506401,16236277071,-1660770670
2016-12-30,847904970,903349322,-55444352,2487982869,3220974860,-732991991,823213900,507719590,315494310,18072339064,11193202203,6879136861
2017-01-03,800617830,700635853,99981977,3048050574,2045997752,1002052822,573735100,679625552,-105890452,11544159863,11651161597,-107001734
2017-01-04,897095750,834501070,62594680,2799177969,2607199129,191978840,912161360,647598180,264563180,16272894189,16201879413,71014776
2017-01-05,1568649500,906256881,662392619,3789964825,3631165868,158798957,1265316519,905747808,359568711,24238539710,21381490714,2857048996
2017-01-06,1191077050,1001773370,189303680,2936463430,3419566652,-483103222,1598161960,853588571,744573389,21316002372,18733476986,2582525386
2017-01-09,990969950,1422001444,-431031494,2992318812,3071842814,-79524002,1194770250,1313155837,-118385587,16052465501,15068160996,984304505
2017-01-10,879157290,1294300486,-415143196,2722016766,3673825807,-951809041,1097099850,1077193658,19906192,18570766085,15287717983,3283048102
2017-01-11,1151317180,821785662,329531518,2721802470,3760128334,-1038325864,969610730,1365296295,-395685565,24237488060,20590844749,3646643311
2017-01-12,941823356,1255917711,-314094355,3257227447,4148082256,-890854809,1235362050,1278303360,-42941310,30866953597,20478042821,10388910776
2017-01-13,994989400,1200798550,-205809150,3111643656,3047440106,64203550,957185650,931774080,25411570,25927100115,24852374320,1074725795
2017-01-16,815056510,909606568,-94550058,2712798694,3060593454,-347794760,1016428900,866395949,150032951,12323918336,18157333471,-5833415135
2017-01-17,853008450,1733168210,-880159760,3367083124,2440638911,926444213,714118050,825475625,-111357575,16197062541,12778867448,3418195093
2017-01-18,1379352090,1329008040,50344050,3533819086,3768140029,-234320943,968229800,924302680,43927120,23416727153,21417834747,1998892406
2017-01-19,1057844620,1059404978,-1560358,3274869935,3641969861,-367099926,1381857440,746126580,635730860,22715259021,25784416043,-3069157022
2017-01-20,832969310,794115566,38853744,2350973080,2770110700,-419137620,1648556850,839778330,808778520,26090250266,23888031169,2202219097
2017-01-23,824671000,1033190631,-208519631,2557384296,2756215036,-198830740,1396621445,875604484,521016961,32730114273,22542987066,10187127207
2017-01-24,842319730,1200313093,-357993363,1821033511,2452917384,-631883873,1013737254,773467229,240270025,41460502446,29146050813,12314451633
2017-02-02,1886417650,1641916706,244500944,3857446289,3008801114,848645175,1623819660,1288184429,335635231,73724829294,73133753641,591075653
2017-02-03,1396384370,1135998450,260385920,4215527420,4136049461,79477959,1425324856,1510351773,-85026917,30829607514,36064196838,-5234589324
2017-02-06,1816339330,984884738,831454592,4600936213,4127217122,473719091,1785367850,1662659841,122708009,27527698670,25469426230,2058272440
2017-02-07,1273215370,933347219,339868151,3439786627,4213916191,-774129564,1531921570,1906131369,-374209799,26099946676,22843197382,3256749294
2017-02-08,1643477550,1394456879,249020671,4072086026,4712887594,-640801568,1732976729,1592033491,140943238,30330197320,36423432374,-6093235054
2017-02-09,1440574560,1288037700,152536860,4751390860,4277177212,474213648,2013964080,1668973509,344990571,28580665658,24458827687,4121837971
2017-02-10,2240712830,1480919909,759792921,5198727805,4801628248,397099557,2013869990,1519688470,494181520,41627237488,35997600322,5629637166
2017-02-13,1664924940,1405278240,259646700,4674513554,4083998151,590515403,1502044400,1392832600,109211800,24844018067,20400679072,4443338995
2017-02-14,1993771090,1643626653,350144437,4386294624,4783761953,-397467329,1646187550,1610380944,35806606,35435855285,29831793561,5604061724
2017-02-15,2155781900,1778144075,377637825,4874870977,5091432195,-216561218,1413615820,1461592563,-47976743,41147683551,28145416645,13002266906
2017-02-16,1773487280,1706106730,67380550,4202228762,5048649025,-846420263,948728100,1231941117,-283213017,28630330375,25321306857,3309023518
2017-02-17,1369431070,1274094494,95336576,4146046555,3388972265,757074290,661190050,1775093899,-1113903849,22332854798,20676669272,1656185526
2017-02-18,965152330,763735700,201416630,2761386938,2535722446,225664492,869178190,956117630,-86939440,2504533045,1567150604,937382441
2017-02-20,1400111092,1969948661,-569837569,4050012178,3712359800,337652378,896933300,1376995610,-480062310,18554687367,16354554154,2200133213
2017-02-21,1303555987,1804374620,-500818633,3985065376,3402364475,582700901,896428600,1219102140,-322673540,24702641852,16986731530,7715910322
2017-02-22,1873197730,1307260813,565936917,3973382095,3455639490,517742605,1090257200,1268590726,-178333526,25287818997,22460184259,2827634738
2017-02-23,1301067100,1321657759,-20590659,3345901284,3536710414,-190809130,1096477480,1459928649,-363451169,29623689676,24734137261,4889552415
2017-02-24,1303691180,1149325790,154365390,2934198450,2798202897,135995553,676004080,995468230,-319464150,27560908708,29176772220,-1615863512
2017-03-01,1331587430,1505920121,-174332691,3583251055,3627137827,-43886772,801359640,881908224,-80548584,31532563206,35430089774,-3897526568
2017-03-02,1532984020,1310345130,222638890,3883566143,4203994495,-320428352,802227830,1202046236,-399818406,31863570551,29108137261,2755433290
2017-03-03,1131638440,972863630,158774810,3267829531,3792252131,-524422600,814411140,1318420175,-504009035,21683282413,26676880217,-4993597804
2017-03-06,802071660,700600698,101470962,3275358345,2649786220,625572125,846387670,1201930077,-355542407,16039129977,17268270902,-1229140925
2017-03-07,982000900,667317580,314683320,3341220456,2956091211,385129245,1468911010,933587264,535323746,19062481727,17685167573,1377314154
2017-03-08,1124225600,814472198,309753402,3427822013,3458702218,-30880205,1110296150,886063740,224232410,25378165750,24126762930,1251402820
2017-03-09,1115779640,1262317620,-146537980,3842734844,4457431922,-614697078,912608700,1444701149,-532092449,21681672208,32296287177,-10614614969
2017-03-10,1352124860,1423870666,-71745806,4194133881,4038925895,155207986,891770350,1316075628,-424305278,19294705175,24283880648,-4989175473
2017-03-13,1204347720,1026996450,177351270,3438273402,3576661485,-138388083,1304842260,1084895917,219946343,21109086568,15436651789,5672434779
2017-03-14,1321811540,1349011500,-27199960,3934231478,4014481964,-80250486,1047971240,1244873919,-196902679,30069664082,21519478361,8550185721
2017-03-15,1731414260,1130686740,600727520,3078027096,3822430221,-744403125,945406550,1151719740,-206313190,18108885757,18309707909,-200822152
2017-03-16,1979022918,1576360760,402662158,4052714873,4186211803,-133496930,1224745610,736081092,488664518,31267632759,18686670253,12580962506
2017-03-17,1146421880,855706940,290714940,3186388060,3595643770,-409255710,1136260116,1036131558,100128558,49469504983,35899853495,13569651488
2017-03-20,1435585020,1031379927,404205093,3543271290,3434361151,108910139,1070723930,956841057,113882873,18221808638,15386182110,2835626528
2017-03-21,1365484332,1669493331,-304008999,3933219339,4144143626,-210924287,1033413230,1169100821,-135687591,35102692777,19126541756,15976151021
2017-03-22,1123773080,1323367915,-199594835,3281361702,4222397176,-941035474,697382320,1227602401,-530220081,25759284261,25019862566,739421695
2017-03-23,1296085980,1547864310,-251778330,3609104616,3273336218,335768398,1161542280,1457276469,-295734189,22782513804,18942316508,3840197296
2017-03-24,1010866790,1640931248,-630064458,2698041904,3357878588,-659836684,782256770,1131542158,-349285388,20567225473,18530329530,2036895943
2017-03-27,595860250,1627821250,-1031961000,2565269313,3494043599,-928774286,709105750,1193761195,-484655445,28188839741,18722562387,9466277354
2017-03-28,1128737540,2266264053,-1137526513,3089566413,3945810522,-856244109,778629500,1561607673,-782978173,34556745422,22399397379,12157348043
2017-03-29,1423868960,1150781406,273087554,3647944252,2629911941,1018032311,1065973109,780810430,285162679,26286389766,23505323713,2781066053
2017-03-30,686109450,1046153658,-360044208,3157744912,2980544535,177200377,1199870870,1092731298,107139572,27436793287,25240431605,2196361682
2017-03-31,1039974440,1097346825,-57372385,3759160606,2720125718,1039034888,976612400,1194131724,-217519324,31735048688,33238497608,-1503448920
2017-04-05,1482415420,1215065327,267350093,5439574578,3297748530,2141826048,878119322,1136467614,-258348292,52258618519,40794815199,11463803320
2017-04-06,1077625250,881393355,196231895,3424504120,3564833343,-140329223,676920390,1269065722,-592145332,27839445175,28164696090,-325250915
2017-04-07,1364289210,1789766727,-425477517,4435680598,3636094346,799586252,725417590,1311456833,-586039243,26804183070,31291669259,-4487486189
2017-04-10,755788220,831113140,-75324920,3783783778,2935850478,847933300,598260260,1026674639,-428414379,19682510264,20853479649,-1170969385
2017-04-11,1081694650,1024645599,57049051,3026928571,4149176448,-1122247877,446485250,1041260949,-594775699,23411821654,23941693609,-529871955
2017-04-12,964038620,1135332110,-171293490,3902765110,3047108957,855656153,680659270,1341046995,-660387725,26257093239,23371375652,2885717587
2017-04-13,1242274360,1098996819,143277541,3819022668,3598644081,220378587,846243930,1249384527,-403140597,20522557871,19455877321,1066680550
2017-04-14,1384845030,1185458044,199386986,3155944710,3897030603,-741085893,838458370,1548402267,-709943897,12873357785,14448681548,-1575323763
2017-04-17,973973860,1041338530,-67364670,3406592728,3927212019,-520619291,885132620,1229676452,-344543832,12433892941,12404480761,29412180
2017-04-18,1081672050,955897815,125774235,3077203606,3025952926,51250680,958111050,839664613,118446437,21234587315,21128190397,106396918
2017-04-19,1040070150,1549556124,-509485974,3744808692,4033131104,-288322412,814848428,1096877798,-282029370,21015964503,31985249545,-10969285042
2017-04-20,738441990,1063682243,-325240253,3232740796,2958558970,274181826,645211790,1426002705,-780790915,27653103380,28236995083,-583891703
2017-04-21,797261880,977406459,-180144579,2776770524,2665651844,111118680,826161249,726883488,99277761,20306807304,17789395364,2517411940
2017-04-24,859346100,794453757,64892343,2433472920,3043984233,-610511313,948454400,820996850,127457550,20056316891,17524121644,2532195247
2017-04-25,1184379520,949861093,234518427,4621265827,3452554019,1168711808,941663664,1084788601,-143124937,33241342208,20169686355,13071655853
2017-04-26,1543867200,1548780900,-4913700,4430206618,3962008890,468197728,1117200615,1166824369,-49623754,35359660706,24206641186,11153019520
2017-04-27,1063817690,1111358366,-47540676,3245064584,3929290467,-684225883,801831640,940884080,-139052440,23773133876,20132661075,3640472801
2017-04-28,1430821850,2130762720,-699940870,3548425857,3883080351,-334654494,1113119800,788008404,325111396,28128697434,24850915884,3277781550
2017-05-02,1166920950,1024745924,142175026,4419513004,4175977236,243535768,1027488850,1071503461,-44014611,46654464916,35525495002,11128969914
2017-05-03,691859440,842772380,-150912940,3124526799,4185742074,-1061215275,1084796313,1092413717,-7617404,21313903387,14268107423,7045795964
2017-05-04,814949570,783034254,31915316,2652163080,3133653710,-481490630,1011885206,808351656,203533550,21202127825,16248920631,4953207194
2017-05-05,723761710,801611253,-77849543,2491738906,4444783918,-1953045012,842063865,944852005,-102788140,17336371653,18275853531,-939481878
2017-05-08,634735270,1135213974,-500478704,2810321800,3347955954,-537634154,677941240,857543896,-179602656,26334008156,20276215505,6057792651
2017-05-09,992211520,2054080512,-1061868992,3077125130,4824178608,-1747053478,1327241300,1591158178,-263916878,29555659067,23949369925,5606289142
2017-05-10,1197739390,780201460,417537930,4105253853,2825023610,1280230243,1193991150,1366332897,-172341747,28262546632,23100761694,5161784938
2017-05-11,1088263190,1009264960,78998230,3666201051,4235792189,-569591138,1215367200,1031144430,184222770,30602500882,26532377442,4070123440
2017-05-12,1390783330,915922520,474860810,4800246363,3657783799,1142462564,1155261300,935569609,219691691,22201225811,20490126295,1711099516
2017-05-15,1127961829,717099290,410862539,4727734076,3294624542,1433109534,1741426780,817684208,923742572,21583234572,20918200921,665033651
2017-05-16,1408703610,1182887689,225815921,3855335788,3960996928,-105661140,3290987240,782494159,2508493081,33649479654,32902474245,747005409
2017-05-17,1108060290,1360057957,-251997667,3324208675,3808568666,-484359991,497337860,802634022,-305296162,23518550149,22564849565,953700584
2017-05-18,1108055290,1160565568,-52510278,4012211456,3309912496,702298960,547323400,705493594,-158170194,20160891492,24021328845,-3860437353
2017-05-19,965438160,794947770,170490390,3399172954,2466576535,932596419,409307150,841759585,-432452435,17360555909,18633360818,-1272804909
2017-05-22,946241740,718480080,227761660,3290621432,2599555089,691066343,615682700,711783664,-96100964,20410777088,19301972964,1108804124
2017-05-23,935857830,765766680,170091150,5738015331,3105405231,2632610100,1055118600,800848150,254270450,23728682466,20754000309,2974682157
2017-05-24,848212450,963945690,-115733240,4479061788,2910270677,1568791111,724437250,587720532,136716718,24017353022,22930218539,1087134483
2017-05-25,1296802990,1133380100,163422890,7333158086,3514813515,3818344571,708464550,1235869580,-527405030,26768763063,20597330749,6171432314
2017-05-26,928228780,1119126350,-190897570,3935893490,4184332212,-248438722,1131693200,1929128179,-797434979,30654528622,29020615265,1633913357
2017-05-31,1191162980,1090669800,100493180,4121076975,3115980611,1005096364,450197330,758837230,-308639900,62040629048,67238525230,-5197896182
2017-06-01,1145643710,1160896650,-15252940,4252785932,3252168465,1000617467,843775750,1234385726,-390609976,25127388391,22560979224,2566409167
2017-06-02,1031780100,888978700,142801400,4776341812,3521184213,1255157599,1032955650,961110060,71845590,26300476467,22021589408,4278887059
2017-06-03,1094647040,547707345,546939695,2639158206,2273833510,365324696,552470950,1216051590,-663580640,803595394,739135380,64460014
2017-06-05,1306804998,962754510,344050488,5242253477,4253249938,989003539,882995280,1323147106,-440151826,25213782495,21317229217,3896553278
2017-06-06,1126391050,1290683426,-164292376,3657415526,4558859543,-901444017,959503810,1395231760,-435727950,22249148438,21346400686,902747752
2017-06-07,1183328090,1637837956,-454509866,4798077079,4253675194,544401885,832907550,1354709317,-521801767,32904304106,30603312083,2300992023
2017-06-08,1228425372,964547930,263877442,4225159806,4574155996,-348996190,771062450,996727375,-225664925,25026673844,22526439004,2500234840
2017-06-09,1361017770,1519488217,-158470447,5250335636,5054692630,195643006,880971550,1671170600,-790199050,28303309902,31680466900,-3377156998
2017-06-12,1765839020,1010971540,754867480,4769333172,4239941222,529391950,435549580,828364633,-392815053,20142975756,33965201993,-13822226237
2017-06-13,1099266900,1147186382,-47919482,3920823634,3655832288,264991346,431787650,701628093,-269840443,20203626153,28588140029,-8384513876
2017-06-14,1088415420,2095892385,-1007476965,3612937910,5074371930,-1461434020,650541200,1091281523,-440740323,26923870376,29022074820,-2098204444
2017-06-15,861178900,1119789429,-258610529,4338981456,4208223044,130758412,1104838930,1665822950,-560984020,21185791135,20892082626,293708509
2017-06-16,1387393700,1064412672,322981028,4928073976,4431594421,496479555,2515667090,3012847051,-497179961,34125575449,31307352502,2818222947
2017-06-19,1909377560,795308460,1114069100,4860557893,4347969481,512588412,1328105280,713404658,614700622,20255499549,17745632046,2509867503
2017-06-20,1472367360,1555768870,-83401510,4601560881,4864743200,-263182319,1142037410,866266813,275770597,20380815605,18977345493,1403470112
2017-06-21,3829379910,1628958218,2200421692,6523315174,6070321324,452993850,822097850,636654469,185443381,35034132500,32574615534,2459516966
2017-06-22,2293735180,1003206522,1290528658,6567965192,4918636792,1649328400,728396370,684410933,43985437,24558756420,21690674703,2868081717
2017-06-23,1786014410,1228028112,557986298,5605805112,4929821354,675983758,764888630,1042645864,-277757234,20463204446,23390263542,-2927059096
2017-06-26,3135881480,2462524393,673357087,7515396952,6629944282,885452670,878353750,828850493,49503257,46858360339,29714706637,17143653702
2017-06-27,2736798990,1069820532,1666978458,6536444026,5324978806,1211465220,581364130,1043671790,-462307660,28581071497,28471322063,109749434
2017-06-28,2061095360,2001544476,59550884,5812448190,5008357356,804090834,826680050,1523840896,-697160846,32851714210,34143719512,-1292005302
2017-06-29,1042829390,1724054103,-681224713,4655127516,4467745124,187382392,608761250,1308015328,-699254078,25932249311,21842277900,4089971411
2017-06-30,1425240620,1218689350,206551270,4103993847,3540227203,563766644,604248340,2359503699,-1755255359,30888652079,30487957333,400694746
2017-07-03,1132409900,1105689408,26720492,4804001672,4394314073,409687599,887407570,1384391420,-496983850,22393018683,22717877326,-324858643
2017-07-04,1369545300,1459956154,-90410854,4620745114,4675024508,-54279394,1013577270,1558730193,-545152923,18985744542,23381524997,-4395780455
2017-07-05,2903950800,1341332580,1562618220,5187514971,3946147588,1241367383,687720550,1103442915,-415722365,18866724061,21092378440,-2225654379
2017-07-06,1211844770,1546246238,-334401468,4605396907,4406163002,199233905,1131822350,1250615964,-118793614,21962768374,21962361308,407066
2017-07-07,945570670,1613324720,-667754050,3469032886,3949374579,-480341693,517300050,1342935799,-825635749,16927189658,23173066483,-6245876825
2017-07-10,1295952420,1220346414,75606006,3951136851,3472621902,478514949,656195930,840067130,-183871200,17762225519,19904445387,-2142219868
2017-07-11,2162341880,1969506464,192835416,6249256918,4700182792,1549074126,919261950,1094086955,-174825005,33472051446,22276573750,11195477696
2017-07-12,1893265310,1661075086,232190224,6556275288,4973369018,1582906270,1605774640,701384765,904389875,29044099200,25960404334,3083694866
2017-07-13,1453368090,2331310913,-877942823,5980500836,7230804830,-1250303994,1202892710,1418175712,-215283002,31946487138,31003749867,942737271
2017-07-14,1402244890,1555967330,-153722440,5052200779,4956646775,95554004,1055379400,1235108974,-179729574,21867722048,23970256217,-2102534169
2017-07-17,1309922479,1503758367,-193835888,6497895688,5082660549,1415235139,829576951,1214300802,-384723851,21828692969,20751916402,1076776567
2017-07-18,1061165720,1267010250,-205844530,5389191585,6125670659,-736479074,853107220,1622808000,-769700780,22415533459,21345187002,1070346457
2017-07-19,1579203220,2717518817,-1138315597,6455717130,6443476061,12241069,1448708068,1427797893,20910175,29094740113,24895739509,4199000604
2017-07-20,1272342940,1521557603,-249214663,4926298633,5042222938,-115924305,916606455,1928485325,-1011878870,22873843808,24086910906,-1213067098
2017-07-21,1418141660,798695470,619446190,4321852305,3969754997,352097308,719291170,1581481793,-862190623,16924721938,21718708907,-4793986969
2017-07-24,779652180,838833210,-59181030,4730635346,3978419262,752216084,540273450,1288475376,-748201926,23049258997,21822900554,1226358443
2017-07-25,1084404600,1172325560,-87920960,5469867735,4605855464,864012271,906496940,1281900160,-375403220,21869539300,21411271966,458267334
2017-07-26,1409329500,2571303460,-1161973960,5713154278,5987221948,-274067670,1422285860,1743782403,-321496543,24631509495,27100351713,-2468842218
2017-07-27,1208879600,1512829372,-303949772,6029192093,5018465533,1010726560,837434700,1615128496,-777693796,29435284987,24459017876,4976267111
2017-07-28,852488970,1631347549,-778858579,4589124072,5402506972,-813382900,882689590,1493426224,-610736634,20027464912,26365304181,-6337839269
2017-07-31,816836730,1174287948,-357451218,4572489762,3886748272,685741490,672473680,1140121574,-467647894,29802841961,31015150472,-1212308511
2017-08-01,1133753130,1119366665,14386465,6749086281,4469274583,2279811698,1136306700,1753821930,-617515230,29541452738,29253468930,287983808
2017-08-02,1567399100,1644794952,-77395852,6102550745,5816917842,285632903,1660833250,1710916034,-50082784,32777901668,24079508408,8698393260
2017-08-03,1056151230,1420933823,-364782593,4929858574,5639809686,-709951112,776736830,1914878290,-1138141460,23534347293,29155167476,-5620820183
2017-08-04,1066591780,1142739232,-76147452,5211783073,5189459008,22324065,1437298550,1179767132,257531418,24417540915,26362788100,-1945247185
2017-08-07,1549948930,1209639880,340309050,6604932297,5751416640,853515657,1878418380,1138709285,739709095,23068350247,23591396564,-523046317
2017-08-08,1579010440,2092790857,-513780417,5628626816,6758125618,-1129498802,1450931400,1382965796,67965604,26672590537,27355949817,-683359280
2017-08-09,1209719660,2691622547,-1481902887,4680070526,5748852832,-1068782306,1019229650,1376580638,-357350988,22512594931,29463809332,-6951214401
2017-08-10,1302089020,2392084013,-1089994993,5624479311,7419403659,-1794924348,1030587620,1447094450,-416506830,28847652654,27576354882,1271297772
2017-08-11,1191124490,1817173583,-626049093,6556399912,5168410779,1387989133,629070930,1218452970,-589382040,31945104145,41030026845,-9084922700
2017-08-14,936060840,1819562500,-883501660,4084083025,6140241018,-2056157993,654376740,1193299500,-538922760,23019736854,24943848854,-1924112000
2017-08-15,1006536030,1819181155,-812645125,4951018205,4781000872,170017333,1693927720,1392780696,301147024,23172938230,21177038602,1995899628
2017-08-16,1632601020,1819396346,-186795326,4634026004,5623466197,-989440193,1442989010,564780331,878208679,26924787041,31491569862,-4566782821
2017-08-17,1182226880,1190018284,-7791404,5786941808,5103576608,683365200,1154839270,897335500,257503770,22813593420,19667447174,3146146246
2017-08-18,1025069400,850792577,174276823,4591078711,4949618576,-358539865,703309860,869642577,-166332717,18946611191,23751447432,-4804836241
2017-08-21,769545610,767809617,1735993,4589513894,4060063333,529450561,826181481,776455475,49726006,17007282554,19557376477,-2550093923
2017-08-22,1168071070,1114469325,53601745,6336857293,4790910250,1545947043,1126686370,664841960,461844410,24827202694,20878364530,3948838164
2017-08-23,1136591030,2800922409,-1664331379,5378091859,5941804648,-563712789,1532667790,952764900,579902890,21938172634,21439979330,498193304
2017-08-24,1100368340,967671370,132696970,6063741347,4915871402,1147869945,1109601950,1123688888,-14086938,29208200143,21384009763,7824190380
2017-08-25,1041507230,847053084,194454146,6811848078,5632312414,1179535664,940457540,632583212,307874328,26787650331,20894346222,5893304109
2017-08-28,1366025913,704333244,661692669,6105924215,5944891451,161032764,688552370,752371736,-63819366,24155628279,25873743391,-1718115112
2017-08-29,1006286600,971243593,35043007,5124772991,6265395189,-1140622198,563717700,683799429,-120081729,22282805966,26502013237,-4219207271
2017-08-30,1026876610,1770020263,-743143653,5807746533,6078544330,-270797797,740807300,819763960,-78956660,30624749130,27354852795,3269896335
2017-08-31,1463947368,995604520,468342848,5313150186,6702771307,-1389621121,629094720,1763119852,-1134025132,40924850555,39565625315,1359225240
2017-09-01,1363240420,1015436092,347804328,5662706210,5094751169,567955041,1107504830,1696874011,-589369181,25744936667,24859295944,885640723
2017-09-04,1078329740,1036036871,42292869,5120592231,5057230009,63362222,914097630,1410267171,-496169541,18051021511,19790807124,-1739785613
2017-09-05,1079946710,1398266069,-318319359,5632145203,4858771013,773374190,790740184,1238164021,-447423837,32760991274,33075993591,-315002317
2017-09-06,1019032440,2167193134,-1148160694,5424946306,6766138846,-1341192540,705429100,1521211707,-815782607,33025780198,37109670287,-4083890089
2017-09-07,1030775540,1624521338,-593745798,5382267712,5608934476,-226666764,899014380,2123911254,-1224896874,28792220112,31263301416,-2471081304
2017-09-08,1251082357,1173798792,77283565,5198354900,4670708955,527645945,677180039,1515867310,-838687271,33393622826,29823264350,3570358476
2017-09-11,993945270,1303123385,-309178115,4669752807,6137911789,-1468158982,839862903,1107539659,-267676756,24491335643,28089693524,-3598357881
2017-09-12,1188326936,1062909525,125417411,5437266476,5224851706,212414770,1340427070,1459352794,-118925724,26658185306,29823849471,-3165664165
2017-09-13,1311129990,1362855114,-51725124,4819985176,5833592377,-1013607201,820678290,1242822895,-422144605,28151469476,37286935500,-9135466024
2017-09-14,1188963430,1293057374,-104093944,5905055930,4996183451,908872479,991369180,1200333712,-208964532,29605234754,32166898650,-2561663896
2017-09-15,1346400785,1408812530,-62411745,6138727646,5900085487,238642159,1644838499,1295714392,349124107,58352001605,59213045111,-861043506
2017-09-18,1574111639,1105732595,468379044,6664633405,5361063286,1303570119,2054157980,1505193755,548964225,29205370084,26205415679,2999954405
2017-09-19,1386033871,1592451631,-206417760,5050793998,7427589117,-2376795119,1634825580,1478843905,155981675,29126150033,35147934876,-6021784843
2017-09-20,1432672920,2509274722,-1076601802,4518843812,7591346567,-3072502755,1291097630,1877958526,-586860896,34083424054,37978847743,-3895423689
2017-09-21,1424335790,1101371606,322964184,6496875488,4799236740,1697638748,801480600,1359027153,-557546553,28540527130,33792139108,-5251611978
2017-09-22,1043209825,1431503877,-388294052,4268806882,7140939290,-2872132408,1162086619,1654964301,-492877682,25793436659,34263384049,-8469947390
2017-09-25,1264706830,1945577936,-680871106,5390276975,5805826439,-415549464,1216339630,2525166474,-1308826844,29930709934,34116048059,-4185338125
2017-09-26,1396082740,1775021707,-378938967,5561744070,5590524733,-28780663,2346182920,1031373406,1314809514,30865932096,39058886476,-8192954380
2017-09-27,1222029645,1609357528,-387327883,5462539934,4218184204,1244355730,1411484940,818923054,592561886,28770898379,30832328210,-2061429831
2017-09-28,922931721,1196655554,-273723833,4775774718,4931799388,-156024670,722683010,513352449,209330561,27309553622,35583389896,-8273836274
2017-09-29,777497200,1128291278,-350794078,4781545828,4716344854,65200974,658476550,1287125136,-628648586,32568888523,28093816133,4475072390
2017-09-30,712889350,335782151,377107199,3683000510,2614998964,1068001546,831410950,466967600,364443350,1506580194,1184766625,321813569
2017-10-02,1483422280,745241045,738181235,4987533519,3980906880,1006626639,1078723350,910330100,168393250,24556120425,23363039493,1193080932
2017-10-03,1236687120,745057562,491629558,4314076687,4854256001,-540179314,1097743247,935621138,162122109,24764639529,28637014912,-3872375383
2017-10-05,1026831159,1064717489,-37886330,5027925540,3627728060,1400197480,960856812,1173335082,-212478270,25753952684,22063381429,3690571255
2017-10-06,837470179,949402853,-111932674,4084598470,4274095330,-189496860,691955364,751275487,-59320123,26661361594,23634169044,3027192550
2017-10-11,1470962040,1693427830,-222465790,6032381523,6592586273,-560204750,1339663260,887368066,452295194,58178704197,48647165469,9531538728
2017-10-12,1285945680,901715379,384230301,5976265340,5263146013,713119327,1361379850,1151732582,209647268,40911309098,34627044772,6284264326
2017-10-13,1344507810,913649065,430858745,5638350894,5239535083,398815811,1292127080,873337436,418789644,34176535234,31531484951,2645050283
2017-10-16,1288032208,1054109244,233922964,6278617518,5534436136,744181382,1329424850,1055288124,274136726,35735339216,30795620787,4939718429
2017-10-17,1164998290,1561848112,-396849822,4177492440,5637415309,-1459922869,1481099150,1279491311,201607839,31447455250,31108538621,338916629
2017-10-18,1900211540,2563307320,-663095780,5137756890,6463941460,-1326184570,1188920780,1475835747,-286914967,38516305443,35006864699,3509440744
2017-10-19,1611327950,1157342840,453985110,6898606479,3991220399,2907386080,890251500,1192204266,-301952766,29959893087,24458693166,5501199921
2017-10-20,1226337560,1009373343,216964217,5574947384,4784613329,790334055,1238829600,977165944,261663656,39728563031,36463688640,3264874391
2017-10-23,990216710,1017955412,-27738702,5167682919,4703563284,464119635,1867271570,1872895242,-5623672,22316800684,21530862919,785937765
2017-10-24,1110190100,1068547399,41642701,6205976740,4360105076,1845871664,1109138550,1319607450,-210468900,25808862981,25047201182,761661799
2017-10-25,1075647570,1339771392,-264123822,5313180039,4813562229,499617810,1563129350,1557562700,5566650,25360812510,24953622047,407190463
2017-10-26,1040352310,993258852,47093458,6498910717,4451893270,2047017447,1145633550,1115594782,30038768,24782320835,23641288437,1141032398
2017-10-27,1040104660,2125112217,-1085007557,6144912302,7645083837,-1500171535,2178954240,1662950983,516003257,26169499795,27199901096,-1030401301
2017-10-30,1347374860,1669742294,-322367434,7083455478,5762334259,1321121219,1267438950,1045477114,221961836,32612302350,29174004562,3438297788
2017-10-31,1278638580,1088665353,189973227,6994389259,4704414169,2289975090,1226891700,1368494029,-141602329,32179937574,33624247605,-1444310031
2017-11-01,1384346940,1197690000,186656940,6986295771,6333201388,653094383,1230209850,1014038452,216171398,28565306258,30174277355,-1608971097
2017-11-02,1062284990,1146363307,-84078317,5550774825,5416448963,134325862,698597300,1001390231,-302792931,28221099147,29381483569,-1160384422
2017-11-03,1209270680,1105146618,104124062,5942591520,4799230982,1143360538,1074478740,1051882345,22596395,25825998734,26196809984,-370811250
2017-11-06,1209712779,1486906407,-277193628,5644384836,5405666288,238718548,1593635850,1036824070,556811780,25261880677,28285443447,-3023562770
2017-11-07,1192364570,1227792839,-35428269,7435246990,5845056427,1590190563,1355869490,1627824202,-271954712,29635657813,29081419514,554238299
2017-11-08,1533637290,1009972159,523665131,6011519337,6110510015,-98990678,1700022020,1727982303,-27960283,25505931843,28820112260,-3314180417
2017-11-09,1286550970,1876770560,-590219590,5234869249,8007893872,-2773024623,855309540,1453291547,-597982007,34902773258,38044106757,-3141333499
2017-11-10,1068864650,1549755743,-480891093,6322438390,5593423388,729015002,938968260,1922100993,-983132733,26834040150,28591978617,-1757938467
2017-11-13,1168638170,1347879010,-179240840,5689259995,6377057803,-687797808,1544347010,1743566671,-199219661,33040825562,30137186904,2903638658
2017-11-14,1216925930,1578218070,-361292140,6228852307,5918934211,309918096,1049656510,1148152016,-98495506,34105323001,33363324993,741998008
2017-11-15,1633528240,2096806190,-463277950,6133281316,7399467051,-1266185735,1527002850,1234264305,292738545,33531205982,46696945456,-13165739474
2017-11-16,1081768930,803623429,278145501,6190801157,4604729948,1586071209,1147711150,1112633914,35077236,25716150395,27570440369,-1854289974
2017-11-17,1056224309,961924676,94299633,7101030974,5770015829,1331015145,1315282850,905519886,409762964,36189812148,33650940602,2538871546
2017-11-20,1032857830,820963880,211893950,5805578865,5451831360,353747505,1071333580,1427131759,-355798179,26511743056,28877775039,-2366031983
2017-11-21,1166627090,990203100,176423990,9637928429,5286957563,4350970866,1018645890,1245820893,-227175003,40140878043,32484265822,7656612221
2017-11-22,1952404524,1599974057,352430467,9789006864,8377533074,1411473790,2750759320,1453937469,1296821851,49565282986,41103246267,8462036719
2017-11-23,1429448770,990606462,438842308,7150233650,7255250835,-105017185,2036154520,2102974880,-66820360,25273486120,23523150759,1750335361
2017-11-24,1107774630,1286755140,-178980510,7382175886,8129547032,-747371146,1264219670,1474573170,-210353500,24772118727,27831710572,-3059591845
2017-11-27,1077178007,1684638090,-607460083,6616779696,7923581682,-1306801986,596840360,1217934858,-621094498,26415197290,34703736151,-8288538861
2017-11-28,1201271000,1302819630,-101548630,6745278470,6985024271,-239745801,923839390,2385366645,-1461527255,35029242012,43618882510,-8589640498
2017-11-29,1046858950,991925707,54933243,6229779209,6519365588,-289586379,1213856430,1419630620,-205774190,28721841562,35402414227,-6680572665
2017-11-30,1314547790,2278157114,-963609324,7178475102,7591616998,-413141896,1020271960,2639692428,-1619420468,102369631443,116055182246,-13685550803
2017-12-01,1530878450,2227618350,-696739900,7073228763,9503704933,-2430476170,757477440,1558793489,-801316049,39670146076,47357575722,-7687429646
2017-12-04,1128096870,1545685676,-417588806,6282177052,6166827766,115349286,1027268130,1970535081,-943266951,30280335819,31696498906,-1416163087
2017-12-05,1286014700,2134156308,-848141608,5584704854,6861820604,-1277115750,2568982560,3925869797,-1356887237,36559678464,37127925892,-568247428
2017-12-06,1459539950,2061031427,-601491477,6558275570,9193665876,-2635390306,1305540620,1795709404,-490168784,39137776276,50175483786,-11037707510
2017-12-07,1204722230,1786943031,-582220801,6476196265,7169511766,-693315501,1021508500,1881014175,-859505675,36114691805,42870503814,-6755812009
2017-12-08,906475620,1646259861,-739784241,6577738836,5616127357,961611479,1344991840,1330328785,14663055,36456584761,38825167841,-2368583080
2017-12-11,1147993972,1333257366,-185263394,7043540736,4861297160,2182243576,1513322510,926240592,587081918,27181490324,30956664357,-3775174033
2017-12-12,895333019,1656345837,-761012818,4893665309,5614549598,-720884289,1217812650,720426820,497385830,28291825972,33202816195,-4910990223
2017-12-13,911665370,1156889760,-245224390,4756913812,4662853706,94060106,1293768287,1083837955,209930332,25535118803,26773043227,-1237924424
2017-12-14,1240117617,1389848427,-149730810,5064439654,5385939026,-321499372,2009933240,1765150574,244782666,29107233097,26129481883,2977751214
2017-12-15,730982985,1018702931,-287719946,3700310104,6402695186,-2702385082,3438839098,3585595276,-146756178,46753892254,51034339314,-4280447060
2017-12-18,860063090,907953564,-47890474,4416511374,4547458130,-130946756,2410895840,1394980250,1015915590,23212672571,23338833204,-126160633,0,0,0
2017-12-19,1314503870,1071005280,243498590,4775540262,4188511192,587029070,3160326170,2388492943,771833227,27394601450,32717759412,-5323157962,0,0,0
2017-12-20,1242284990,1168249316,74035674,4971180072,4617822478,353357594,1227130730,1157737478,69393252,26103436316,26177936143,-74499827,0,0,0
2017-12-21,1042518610,790060745,252457865,5239893982,4572599796,667294186,1328128430,1047049299,281079131,21097720735,23555924525,-2458203790,0,0,0
2017-12-22,740714560,894303280,-153588720,3893931562,4158826346,-264894784,1057167450,862563803,194603647,21640414388,20407114749,1233299639,0,0,0
2017-12-25,747275980,919109926,-171833946,3633170833,4170323547,-537152714,924748900,1038394373,-113645473,8787208179,8125665606,661542573,0,0,0
2017-12-26,629410690,1654734538,-1025323848,3801630116,6020835278,-2219205162,1229331232,1861327318,-631996086,12150637678,14669363074,-2518725396,0,0,0
2017-12-27,1073416380,907241847,166174533,4469430064,4284559889,184870175,1574582001,1591770200,-17188199,17838615035,15262772286,2575842749,0,0,0
2017-12-28,1278290700,1391926133,-113635433,5937678374,5323940574,613737800,1516269290,1122681600,393587690,30469967054,23967767261,6502199793,0,0,0
2017-12-29,1421262940,1181349218,239913722,5194357184,5204441533,-10084349,1798012720,1077482107,720530613,26811372776,20250737021,6560635755,0,0,0
2018-01-02,1743586820,858324112,885262708,6173074631,4080805984,2092268647,1332369040,1406614651,-74245611,22562840332,13914595215,8648245117,0,0,0
2018-01-03,2801953290,1122227673,1679725617,6925086359,5418599941,1506486418,2324575730,1324997160,999578570,30237742257,26511979901,3725762356,0,0,0
2018-01-04,2281916670,1261888420,1020028250,6704793578,5886947719,817845859,1982049550,2123703524,-141653974,32492922176,27018662163,5474260013,0,0,0
2018-01-05,2065532720,1118070790,947461930,6231400598,5543117083,688283515,1640093100,1975012786,-334919686,33579706392,30099439003,3480267389,0,0,0
2018-01-08,1931582470,1412652520,518929950,5642404831,6174663747,-532258916,2288623900,1354063431,934560469,32323346960,27313828957,5009518003,0,0,0
2018-01-09,1943160560,1727929319,215231241,5934763405,5917649355,17114050,1914228660,1438106363,476122297,31667799225,32789247566,-1121448341,0,0,0
2018-01-10,2080805790,1904838314,175967476,6335589235,6408014679,-72425444,2414296600,1887789525,526507075,28898877106,32119835719,-3220958613,0,0,0
2018-01-11,1410268160,1646448116,-236179956,5564057275,6104191377,-540134102,1843830750,1556997305,286833445,31895349794,33508545282,-1613195488,0,0,0
2018-01-12,1763216060,1477459627,285756433,6714562488,4980255353,1734307135,1678370420,1266758082,411612338,29963055018,30144063578,-181008560,0,0,0
2018-01-15,2085520220,1645780950,439739270,8329662809,5692090194,2637572615,2158550250,1783399345,375150905,28349442970,25923086213,2426356757,0,0,0
2018-01-16,1920647530,1243918367,676729163,7331176959,5945642461,1385534498,1772029360,1305407903,466621457,32484455192,28804004776,3680450416,0,0,0
2018-01-17,1822064240,2090044850,-267980610,9312560174,9268380332,44179842,1068302870,1098559225,-30256355,44357140136,33280702109,11076438027,0,73970,-73970
2018-01-18,2078278370,1930761794,147516576,7846805953,7672774553,174031400,1280867720,2343784457,-1062916737,40503240498,31830727820,8672512678,37260,7313960,-7276700
2018-01-19,1613106110,1960730870,-347624760,7392808852,6329938602,1062870250,881768800,1752240494,-870471694,37962317129,29344961809,8617355320,6483910,12544310,-6060400
2018-01-22,1829430870,1972808553,-143377683,7456935494,7241338812,215596682,1726181900,2103184169,-377002269,38296396618,35741398154,2554998464,12100120,39036000,-26935880
2018-01-23,1739211780,2231835480,-492623700,9355166502,8496854561,858311941,1276848550,1619967937,-343119387,45045448442,39882638257,5162810185,32513280,50944360,-18431080
2018-01-24,1695934490,1793581500,-97647010,8815500816,8172556601,642944215,1158251840,1709708851,-551457011,38447303320,34924099489,3523203831,37424530,73476270,-36051740
2018-01-25,1535847050,1964863875,-429016825,7844393766,9672325511,-1827931745,1442656370,1592151907,-149495537,47713335705,41899102084,5814233621,67067880,82724400,-15656520
2018-01-26,1462691280,1535365711,-72674431,7699202873,7015130487,684072386,1040089180,2954950461,-1914861281,36001501130,33865888852,2135612278,79627610,84446580,-4818970
2018-01-29,1552442670,1339946720,212495950,7123398984,7661428884,-538029900,1502941400,1101752968,401188432,28934297807,26921761846,2012535961,76389130,114177780,-37788650
2018-01-30,1484297320,1930709732,-446412412,6988813699,8579900017,-1591086318,1290657050,1162956591,127700459,33126649281,35773016249,-2646366968,102184420,92265150,9919270
2018-01-31,2552020160,1712703874,839316286,8398329009,6206897711,2191431298,819899850,1241609865,-421710015,40086905911,37577956363,2508949548,81405030,157843870,-76438840
2018-02-01,1384096150,1264086694,120009456,6869020813,7102076828,-233056015,814467200,989797112,-175329912,30229271383,28850886786,1378384597,160949780,161463960,-514180
2018-02-02,1217022240,1430602336,-213580096,6499780865,6730373620,-230592755,736091800,1047406462,-311314662,29908961776,30349340746,-440378970,142616300,130633570,11982730
2018-02-05,1470817495,2636620570,-1165803075,6882624407,7712964019,-830339612,711834800,1162084874,-450250074,31541279023,39885234660,-8343955637,93711780,96131590,-2419810
2018-02-06,3147417970,5547844515,-2400426545,13925590400,13794380643,131209757,1439029850,2271277632,-832247782,50044789936,81380542935,-31335752999,72443970,126163050,-53719080
2018-02-07,1632680840,2579906300,-947225460,9584017562,11022312838,-1438295276,3337168480,1448386039,1888782441,49001401415,65642471009,-16641069594,92511880,117325290,-24813410
2018-02-08,999047410,1007380630,-8333220,6290819835,9234742101,-2943922266,987735000,1665317417,-677582417,29211021130,37640539008,-8429517878,121174760,59980600,61194160
2018-02-09,2266273630,2200009784,66263846,10501662504,10520603215,-18940711,1041279190,1411552019,-370272829,35980746438,54759909279,-18779162841,58437090,24942140,33494950
2018-02-12,1030286190,1090554639,-60268449,4763733298,5485427494,-721694196,1042671150,748972868,293698282,26840656025,46217674659,-19377018634,28184410,9262460,18921950
2018-02-21,2084686690,2001708610,82978080,7258058083,5629989660,1628068423,1437368500,1030476902,406891598,72233013946,63019389834,9213624112,28540090,265362920,-236822830
2018-02-22,1500809390,1008802447,492006943,5126937860,6009291069,-882353209,1143036000,1126134252,16901748,43223382225,50106568089,-6883185864,247992940,156228450,91764490
2018-02-23,1184750550,1205139327,-20388777,6211001514,5613874279,597127235,1513414560,815401572,698012988,34572071532,32447975077,2124096455,159366610,194880740,-35514130
2018-02-26,1478302950,1119094064,359208886,5773311795,6133769913,-360458118,1765879150,982489871,783389279,30186749043,29921598238,265150805,181446890,234731430,-53284540
2018-02-27,1567359345,1180814071,386545274,5471733586,8020636271,-2548902685,1233905220,705582374,528322846,42985188403,45077074454,-2091886051,241759240,154034920,87724320
2018-03-01,1422192730,1222687560,199505170,5769622937,7263511502,-1493888565,711660200,937898484,-226238284,42277675269,45157613530,-2879938261,137012640,271687630,-134674990
2018-03-02,1291679490,1061553568,230125922,5287487942,5738516589,-451028647,1027725310,958687891,69037419,25450575100,41026866421,-15576291321,251180710,142561860,108618850
2018-03-05,1110905280,1400079692,-289174412,4790622863,6606880721,-1816257858,1107314392,1302130047,-194815655,24900194483,35113305878,-10213111395,135009860,176330770,-41320910
2018-03-06,1450653350,1196282117,254371233,4920171732,5855374984,-935203252,1198115900,1435708136,-237592236,31524806919,27793427021,3731379898,172079780,177289480,-5209700
2018-03-07,1834785810,1395276480,439509330,5581499344,5664837705,-83338361,1483547600,1049527058,434020542,33157032335,33787481371,-630449036,183619030,184576020,-956990
2018-03-08,1638258030,1246763980,391494050,5822239480,5236477838,585761642,950106650,1209114065,-259007415,27862388805,28814279442,-951890637,175807430,258868550,-83061120
2018-03-09,1454113790,1208554450,245559340,6336452598,5244365670,1092086928,1638675280,1363832350,274842930,28198059062,30178551362,-1980492300,273938770,216583090,57355680
2018-03-12,2570206940,1162386170,1407820770,6411767732,6405154365,6613367,1550034400,1299393850,250640550,39546053000,27174879348,12371173652,229336940,361721550,-132384610
2018-03-13,1843837260,1369201510,474635750,6254318259,7015591600,-761273341,1088920950,1264750774,-175829824,39311975477,31627255903,7684719574,341635840,292880810,48755030
2018-03-14,2101786130,1514085480,587700650,4836042419,6174526599,-1338484180,1092801050,1329749009,-236947959,24656050785,32974862224,-8318811439,275636790,271387310,4249480
2018-03-15,1299348950,988877620,310471330,5476393489,6601763839,-1125370350,1157651650,1867729394,-710077744,25492161503,27549289621,-2057128118,253466370,288673160,-35206790
2018-03-16,1728209950,1524373090,203836860,4636206621,6065328674,-1429122053,3158402680,3223034183,-64631503,76079869038,74515723631,1564145407,306310070,185545150,120764920
2018-03-19,1160629420,1131389684,29239736,5022839606,5884558568,-861718962,1392584560,1725639460,-333054900,27253239316,24970325954,2282913362,182978690,339165600,-156186910
2018-03-20,1279913630,995940337,283973293,4814551885,5267495290,-452943405,1116317450,1747796908,-631479458,30037891886,29865921448,171970438,303951040,305030470,-1079430
2018-03-21,2369382025,1640024680,729357345,6407643425,5909029706,498613719,1984887229,1791679560,193207669,34719913988,35340842974,-620928986,303084050,353186400,-50102350
2018-03-22,1335134740,1707592830,-372458090,5646705437,10267034885,-4620329448,1431287470,1299248187,132039283,36705669398,33563347158,3142322240,374342760,272041080,102301680
2018-03-23,1430300490,2682280120,-1251979630,6585260329,10109419286,-3524158957,827904850,1596601660,-768696810,35565731515,41829058221,-6263326706,238864640,104333480,134531160
2018-03-26,1314048630,1669868450,-355819820,5569105581,7253577063,-1684471482,1230015620,2009568771,-779553151,24281571972,33187734564,-8906162592,89312610,276691200,-187378590
2018-03-27,1457352370,2082912473,-625560103,6635977907,7080276252,-444298345,1415682995,1729696810,-314013815,31655778094,29113436570,2542341524,286718890,320498850,-33779960
2018-03-28,1070093260,2015328914,-945235654,4525202896,8891758711,-4366555815,1151824560,1667164483,-515339923,22296302331,31716227525,-9419925194,290615410,185672090,104943320
2018-03-29,1381822460,1246340790,135481670,5266016266,6029727719,-763711453,781765350,1308593730,-526828380,24397986163,36903692716,-12505706553,185789850,225797560,-40007710
2018-03-30,1363463280,2051729519,-688266239,5886687328,4921653265,965034063,1432709696,1884595723,-451886027,21635169030,19678238851,1956930179,233487630,267836290,-34348660
2018-03-31,943140430,944696301,-1555871,3494917105,3763125695,-268208590,939053250,983518988,-44465738,1351203409,1415767242,-64563833,250185270,138953260,111232010
